5
15
226 -700
-349 704
853 -195
-542 282
-472 -913
-113 -720
41 21
487 -529
190 308
557 -211
561 440
250 121
-508 799
-326 960
-313 112
15
-328 92
411 -822
361 198
-265 -219
170 -874
713 460
936 -608
851 -449
-845 -233
345 -111
-546 368
-566 -122
836 120
758 -952
751 -413
15
-229 176
413 -747
-480 -326
-539 -470
-593 128
-979 -75
610 588
717 998
-823 743
662 208
-463 912
-262 -848
354 -628
347 -450
-130 748
15
587 -51
-655 -833
-488 233
-613 -521
385 544
473 -246
-59 500
-713 268
604 287
-423 -860
21 320
805 882
25 -827
496 315
41 -764
15
306 312
-650 -34
507 -73
-516 -55
-144 -533
-84 867
-800 -345
-321 632
919 546
-292 -105
-409 -295
-371 -119
694 846
-262 409
38 -332
