5
15
-52 -714
652 -511
183 -949
839 -954
-292 -207
-981 -777
373 624
965 -859
969 603
158 -874
-649 544
509 -943
704 410
-497 512
873 0
15
457 -141
-338 338
-43 -210
37 -972
741 975
-508 -750
-331 -77
759 -131
751 334
119 -696
-912 -482
-681 -9
-900 200
100 781
957 290
15
-125 810
137 105
-71 173
-245 -946
19 317
225 782
-670 -328
-465 -717
-32 747
238 957
38 -782
888 69
-990 -811
-785 482
-357 819
15
99 985
-447 -872
924 -677
-460 -832
-672 266
-969 939
-699 506
477 856
-977 -672
-962 404
383 -564
158 208
596 930
667 -557
-901 -577
15
-268 -837
-382 0
594 393
515 726
-437 173
745 -358
577 -537
97 822
-389 730
-206 -598
973 224
-923 437
-129 -262
439 -340
-764 -181
