5
15
366 -587
-443 528
854 649
-604 -497
770 300
-115 309
-816 -619
-486 731
651 470
-658 381
-748 -569
-906 -707
-402 -790
-731 -816
252 -15
15
-648 -671
246 753
-629 671
-146 -586
598 972
-85 -271
992 7
295 -487
-436 522
776 928
344 -686
-968 654
369 26
154 -430
346 304
15
716 822
198 436
-458 93
399 -842
28 346
-723 226
-183 -841
236 -849
650 -68
-770 -892
909 -132
-942 392
-99 -615
-672 -700
125 183
15
-292 238
-322 76
-32 -384
511 -540
-589 661
-295 308
664 948
-807 -575
383 209
974 48
-620 -577
147 -156
768 755
453 -373
367 -289
15
229 -738
896 -621
-234 -915
50 -28
285 948
552 -738
-870 -775
587 -49
-890 473
565 783
-362 -676
-486 -806
-767 993
-116 117
-962 863
