5
15
873 407
65 46
961 642
527 -247
560 -681
-90 -23
703 414
-31 -134
-490 857
200 -11
-224 -245
178 -674
894 -647
-174 -707
647 933
15
-828 719
579 351
-680 793
394 315
-144 -461
830 -272
413 -845
90 697
-823 384
279 -295
-81 679
549 -79
-327 -81
-997 971
736 -614
15
766 -691
-225 310
664 -490
-75 114
368 182
-468 -770
-916 -233
627 885
-66 516
-66 -235
88 556
-323 -410
-762 760
-337 289
708 832
15
-205 -322
-587 858
-288 -754
367 463
483 490
-817 986
-707 113
-288 848
623 280
796 267
-895 751
-812 -848
-755 -855
944 256
-499 61
15
801 826
-438 927
-423 175
-729 482
591 742
-889 -438
820 681
-443 -794
-715 -109
-210 -409
640 220
710 -233
796 869
621 755
970 -626
