5
15
-519 -582
-875 342
-643 677
-620 -505
312 184
-817 -814
266 -218
336 -915
701 346
-55 -198
-614 -340
-35 71
-950 -670
12 384
-76 49
15
-663 -288
-772 589
-827 967
176 -329
167 45
-430 673
-426 301
378 -482
-707 -570
648 933
569 -93
-489 194
-585 83
362 949
-434 -585
15
875 126
-342 229
-585 -848
-955 -418
127 190
-531 259
-940 47
874 -777
917 257
-589 -108
-415 -695
-395 -632
292 -182
-367 594
158 -646
15
110 16
196 -322
-59 -207
252 976
-24 -468
509 746
802 -699
-701 -727
59 546
-982 46
539 -440
9 -831
298 -556
-720 -159
539 770
15
999 -471
-843 275
-435 -365
66 -570
648 641
73 -738
484 -575
-665 851
158 -708
880 281
-588 775
52 -801
707 403
928 -875
374 -545
