814 10
2 1 8254
3 2 6703
4 1 7781
5 1 3825
6 4 5737
7 6 9874
8 3 9752
9 3 4022
10 8 4700
11 5 2025
12 4 8877
13 7 5505
14 8 9683
15 6 8901
16 9 9438
17 12 3381
18 10 2248
19 3 8128
20 5 6641
21 16 9486
22 7 485
23 17 275
24 21 1676
25 11 8266
26 3 1946
27 9 9692
28 10 8027
29 16 6896
30 9 3870
31 29 2890
32 7 3982
33 30 5556
34 5 7367
35 25 2563
36 15 340
37 1 8298
38 31 407
39 24 3288
40 13 2719
41 22 9038
42 23 964
43 32 5329
44 2 2963
45 39 7441
46 31 6148
47 38 5211
48 28 4886
49 39 4886
50 10 9332
51 43 9547
52 10 8063
53 29 7781
54 6 8589
55 4 6460
56 4 9101
57 21 3266
58 23 2350
59 40 2465
60 15 9543
61 28 5140
62 32 4492
63 38 5779
64 31 2047
65 10 6637
66 36 99
67 8 1428
68 6 2230
69 51 3763
70 42 1168
71 36 1726
72 67 848
73 40 2914
74 60 6757
75 7 5221
76 6 4507
77 7 4277
78 48 2774
79 25 5666
80 72 7759
81 45 5743
82 18 3425
83 28 8832
84 44 3440
85 15 553
86 36 4755
87 63 7931
88 12 7486
89 51 3560
90 27 602
91 59 4830
92 84 4292
93 26 1892
94 3 1653
95 77 279
96 17 2100
97 47 4457
98 3 1292
99 95 6065
100 51 7057
101 77 9780
102 47 8730
103 81 6352
104 63 3069
105 64 3998
106 83 3080
107 13 8978
108 64 9596
109 17 3369
110 105 4248
111 20 7698
112 104 9527
113 66 667
114 42 4711
115 70 4533
116 1 2073
117 103 4821
118 13 2390
119 17 3100
120 110 4065
121 88 9250
122 9 9772
123 31 4878
124 44 1918
125 65 4508
126 98 8221
127 54 2767
128 75 1806
129 75 5691
130 69 3787
131 16 7614
132 120 3360
133 30 7427
134 90 5280
135 56 1951
136 72 8688
137 50 7418
138 61 3421
139 74 9441
140 59 1945
141 43 1878
142 132 9906
143 57 4099
144 97 891
145 60 3927
146 15 701
147 49 5573
148 46 3232
149 72 6586
150 70 223
151 15 1442
152 134 135
153 86 8347
154 16 8484
155 52 1677
156 78 9979
157 97 4086
158 72 3208
159 110 2428
160 130 14
161 81 9649
162 11 5404
163 38 8930
164 157 8765
165 6 9537
166 158 9186
167 62 4830
168 155 9825
169 128 4467
170 76 2035
171 27 9313
172 160 2843
173 149 6141
174 39 1881
175 33 6914
176 97 4284
177 158 2839
178 17 1020
179 57 3467
180 82 8512
181 151 4749
182 173 1136
183 145 1865
184 176 9032
185 99 3646
186 145 7681
187 78 9647
188 167 5337
189 97 8049
190 38 1121
191 25 4102
192 141 7924
193 127 922
194 56 5290
195 168 4238
196 170 727
197 178 2753
198 128 7146
199 180 7227
200 28 6768
201 59 7271
202 122 3867
203 45 1331
204 19 428
205 10 9318
206 95 2957
207 129 8457
208 32 7995
209 128 5218
210 68 2192
211 207 7599
212 31 6127
213 31 415
214 16 3910
215 72 5231
216 29 6577
217 69 7872
218 50 4129
219 142 4430
220 198 8989
221 97 3554
222 6 2160
223 82 1486
224 2 6085
225 167 9793
226 73 9449
227 109 2495
228 109 9192
229 133 8041
230 119 3213
231 21 9956
232 141 3098
233 96 2878
234 176 2455
235 31 1503
236 23 8390
237 217 7416
238 156 5230
239 140 9929
240 189 843
241 49 4845
242 130 4855
243 169 9191
244 162 9995
245 232 5974
246 192 8622
247 43 7724
248 112 3371
249 141 1365
250 56 7731
251 89 3586
252 189 567
253 30 4144
254 228 5198
255 95 355
256 204 4626
257 159 1599
258 251 3766
259 101 2339
260 220 8849
261 110 7200
262 217 5755
263 144 3086
264 30 9206
265 68 9300
266 237 5589
267 122 9412
268 188 2912
269 98 2506
270 231 6478
271 135 4197
272 223 3547
273 191 7297
274 5 1944
275 182 2492
276 262 712
277 242 7085
278 213 6193
279 150 9859
280 45 4336
281 153 3150
282 141 1537
283 100 2115
284 98 9708
285 124 4068
286 77 2906
287 18 9026
288 275 5523
289 120 4316
290 171 4686
291 180 8996
292 208 7749
293 204 4454
294 105 8299
295 234 3556
296 103 8612
297 157 3001
298 188 9404
299 266 3667
300 258 6708
301 84 7047
302 49 139
303 93 4563
304 105 8533
305 283 5545
306 75 7800
307 47 4909
308 27 1567
309 167 672
310 196 7389
311 245 8226
312 112 4272
313 123 4297
314 166 8503
315 53 4938
316 166 6438
317 148 2736
318 94 4742
319 124 1844
320 319 2984
321 27 3861
322 218 2242
323 260 3083
324 171 4739
325 40 1633
326 72 9460
327 200 4778
328 24 8259
329 104 1208
330 284 3699
331 162 8232
332 37 1555
333 8 2664
334 19 1282
335 79 5952
336 61 1863
337 88 9931
338 168 4164
339 207 1107
340 179 3170
341 280 2587
342 307 8818
343 37 7556
344 281 434
345 93 2925
346 38 5964
347 276 4490
348 143 3748
349 187 4252
350 125 6734
351 86 6987
352 257 2717
353 228 3844
354 114 8440
355 83 3892
356 264 465
357 280 3397
358 167 4827
359 314 5852
360 235 6998
361 184 9228
362 302 5294
363 197 1139
364 254 9165
365 244 597
366 114 8229
367 241 8507
368 257 9422
369 59 3373
370 329 3098
371 134 6470
372 207 8058
373 207 1221
374 96 2375
375 364 5983
376 159 6021
377 184 3886
378 310 2626
379 109 5503
380 251 4625
381 357 9030
382 130 46
383 108 7924
384 60 4192
385 257 3266
386 13 9199
387 201 1038
388 75 1292
389 251 6726
390 103 8257
391 350 9282
392 373 9967
393 233 6067
394 58 5009
395 166 6797
396 114 7599
397 125 3351
398 327 6525
399 111 8796
400 230 8782
401 392 9706
402 387 9564
403 379 7108
404 239 2546
405 93 7154
406 62 8472
407 94 2377
408 142 2748
409 58 3429
410 308 1104
411 127 7751
412 386 5517
413 95 532
414 216 1837
415 110 1222
416 206 869
417 176 8218
418 93 4056
419 301 161
420 6 9538
421 156 3939
422 77 8849
423 120 1543
424 48 9784
425 154 5223
426 251 2201
427 384 8151
428 392 5622
429 125 3981
430 76 8161
431 230 3919
432 281 8876
433 202 9509
434 108 7224
435 88 929
436 58 3484
437 332 5103
438 191 5500
439 365 474
440 312 924
441 296 4168
442 246 6360
443 259 649
444 437 6621
445 189 6244
446 230 3835
447 94 2261
448 128 2174
449 283 3341
450 307 2743
451 104 6937
452 344 9314
453 131 5623
454 269 330
455 253 310
456 425 5237
457 189 4031
458 74 8090
459 440 1959
460 54 1583
461 286 2029
462 108 70
463 206 1075
464 412 9700
465 142 371
466 154 5180
467 252 6573
468 152 4790
469 453 8312
470 352 5140
471 99 6853
472 278 8385
473 425 8213
474 137 5177
475 268 4189
476 8 6864
477 259 6983
478 107 8111
479 363 5328
480 287 2117
481 178 6583
482 118 7582
483 312 6288
484 264 3507
485 39 3905
486 225 7405
487 469 8251
488 201 8368
489 231 2145
490 5 9993
491 233 1434
492 196 6304
493 375 4837
494 160 8185
495 141 9094
496 186 318
497 272 2976
498 158 6759
499 436 886
500 293 9769
501 33 8087
502 114 6305
503 180 6739
504 18 2888
505 262 9388
506 315 3698
507 50 7771
508 66 5975
509 420 7449
510 34 7221
511 268 9407
512 262 4590
513 360 3391
514 410 5284
515 417 4438
516 182 7205
517 186 4347
518 21 6999
519 205 7300
520 444 1620
521 466 5998
522 153 946
523 291 1983
524 160 7824
525 50 5866
526 57 2741
527 148 7705
528 511 8089
529 87 6818
530 500 7328
531 419 5078
532 251 1929
533 326 8791
534 470 8241
535 221 4401
536 137 9987
537 416 1365
538 223 360
539 98 9258
540 62 3291
541 371 2141
542 371 665
543 256 6291
544 327 5255
545 5 7624
546 166 7753
547 209 480
548 277 2367
549 419 494
550 514 3969
551 161 4910
552 96 1097
553 441 6690
554 459 3733
555 356 4128
556 552 8082
557 478 1432
558 415 1904
559 425 1008
560 297 8086
561 91 7321
562 281 7628
563 110 886
564 130 4791
565 211 389
566 544 3974
567 272 7481
568 528 7232
569 219 9685
570 293 7172
571 535 8659
572 345 6540
573 130 1111
574 368 1631
575 267 3908
576 117 920
577 530 569
578 112 1221
579 538 3866
580 208 7253
581 407 6049
582 390 4202
583 266 6059
584 236 4406
585 404 8266
586 339 401
587 313 8724
588 110 2296
589 59 3923
590 118 8498
591 210 112
592 193 3929
593 56 4133
594 305 8562
595 317 9676
596 235 4455
597 66 2829
598 481 5194
599 349 2188
600 104 188
601 403 8203
602 487 6885
603 493 7283
604 470 5061
605 203 8296
606 444 769
607 599 6110
608 329 5835
609 297 8544
610 599 9740
611 224 703
612 449 2591
613 486 5347
614 40 7295
615 462 6539
616 180 3229
617 554 2792
618 520 6560
619 185 4677
620 476 229
621 72 6225
622 219 6895
623 401 5525
624 445 3094
625 262 3181
626 251 1306
627 9 5449
628 186 3904
629 555 9247
630 496 9444
631 543 2997
632 572 5025
633 87 8381
634 16 1045
635 288 3385
636 543 2494
637 604 5180
638 59 3782
639 505 424
640 110 8092
641 548 3568
642 163 2129
643 146 6884
644 17 539
645 108 7869
646 131 2084
647 501 7587
648 157 4750
649 148 3725
650 21 9253
651 74 8668
652 353 5830
653 390 6795
654 616 388
655 176 8733
656 591 9425
657 5 6951
658 430 428
659 108 5077
660 334 2913
661 95 5490
662 315 1457
663 431 7027
664 254 6150
665 588 7871
666 383 3496
667 109 2150
668 148 2159
669 302 8764
670 333 8903
671 207 3555
672 103 8655
673 536 6202
674 571 2529
675 669 6492
676 199 8691
677 107 4460
678 134 2183
679 368 6077
680 255 313
681 273 856
682 140 719
683 138 1003
684 2 6508
685 548 7529
686 458 6599
687 401 2054
688 322 9245
689 495 4773
690 384 9994
691 110 703
692 437 6975
693 243 1685
694 328 5814
695 277 5767
696 216 7569
697 592 5563
698 498 9472
699 499 2641
700 480 1353
701 470 5716
702 14 5812
703 234 7368
704 129 3920
705 621 172
706 347 5903
707 418 4070
708 53 3307
709 173 7865
710 254 7302
711 395 6493
712 167 6736
713 154 979
714 404 3
715 76 4296
716 503 4514
717 141 8156
718 158 5416
719 590 4041
720 238 2851
721 502 1630
722 635 1377
723 229 4228
724 673 9751
725 177 4902
726 178 4268
727 372 2841
728 149 8071
729 99 8177
730 708 8733
731 515 1829
732 292 7079
733 213 962
734 13 8029
735 505 9441
736 706 8270
737 27 2525
738 649 8869
739 455 9312
740 588 2697
741 436 584
742 409 9928
743 545 8368
744 57 2262
745 689 3379
746 656 1390
747 103 1286
748 457 2591
749 744 1429
750 509 9569
751 44 3193
752 160 3700
753 289 3348
754 425 2855
755 318 5957
756 62 7465
757 1 8016
758 36 2254
759 129 7742
760 370 6255
761 462 2985
762 155 4327
763 439 9624
764 127 199
765 560 8343
766 256 4983
767 371 8615
768 114 3193
769 394 47
770 395 8203
771 254 2265
772 496 4898
773 754 6401
774 127 2730
775 620 5090
776 271 7609
777 666 6012
778 115 9111
779 82 4932
780 472 2956
781 337 2597
782 520 9172
783 446 5918
784 664 1615
785 78 4077
786 168 9932
787 135 4353
788 373 3037
789 305 508
790 590 5931
791 478 8769
792 188 2200
793 693 6426
794 680 8114
795 756 9226
796 203 537
797 571 460
798 604 7123
799 295 6089
800 176 4096
801 395 4468
802 777 2293
803 735 93
804 234 5842
805 568 6456
806 403 6783
807 272 9881
808 316 8258
809 461 3773
810 183 218
811 580 5894
812 513 3079
813 795 376
814 210 9091
507879 5
799546 17
15655 20
516188 2
128586 11
162080 20
479822 13
771362 11
247950 18
39822 10
