53 10
2 1 1736
3 1 2707
4 3 8513
5 4 935
6 3 742
7 1 9274
8 1 651
9 6 8007
10 4 3276
11 1 1936
12 6 8679
13 10 5267
14 8 9605
15 1 4726
16 8 5688
17 12 1457
18 16 6746
19 17 8094
20 19 5107
21 4 5022
22 1 6276
23 5 501
24 7 5274
25 13 1140
26 9 3173
27 23 1360
28 12 5945
29 16 9483
30 24 9531
31 30 3828
32 2 9616
33 1 268
34 23 1863
35 27 3027
36 10 6414
37 26 7758
38 2 3295
39 4 1724
40 26 6009
41 21 3093
42 14 3435
43 2 1254
44 6 8419
45 16 8426
46 42 6771
47 33 5727
48 15 1696
49 26 2473
50 43 3989
51 1 9867
52 40 2260
53 35 5011
993850 12
594130 9
370444 16
749845 18
471763 9
65433 9
813089 12
456255 19
731695 1
26017 3
