51 10
2 1 1276
3 1 9381
4 1 3099
5 1 4493
6 5 6422
7 4 1918
8 4 1696
9 1 201
10 4 6905
11 2 9677
12 6 3402
13 11 894
14 12 5128
15 2 1664
16 13 1217
17 13 4937
18 15 3206
19 1 9782
20 6 7272
21 16 7452
22 20 4
23 1 3541
24 18 378
25 11 2827
26 12 2134
27 5 206
28 19 411
29 12 2858
30 11 1568
31 17 2206
32 11 6947
33 11 8852
34 24 6143
35 27 2614
36 27 880
37 22 4509
38 23 4693
39 5 9849
40 2 1583
41 31 7860
42 29 4240
43 11 7732
44 7 7314
45 41 6625
46 12 4794
47 46 6533
48 16 3271
49 6 7388
50 7 7819
51 45 8240
965128 20
478946 14
101604 2
108281 17
116923 16
293099 6
268575 13
385171 12
481719 2
678364 12
