44 10
2 1 8393
3 2 9321
4 1 3683
5 2 2929
6 5 2944
7 5 4415
8 7 1152
9 2 396
10 4 6651
11 8 6050
12 9 329
13 3 5307
14 2 279
15 13 7170
16 12 2627
17 10 4472
18 4 5650
19 16 8879
20 5 657
21 10 8036
22 12 1668
23 16 6357
24 14 3668
25 10 7484
26 11 1658
27 5 5474
28 3 3180
29 1 6242
30 4 9783
31 1 3664
32 22 3509
33 9 3232
34 2 388
35 30 5607
36 28 9696
37 16 8017
38 16 5109
39 1 3718
40 38 8003
41 6 466
42 37 3665
43 8 800
44 23 765
660539 18
165327 19
635073 11
443649 16
484914 11
930322 3
876796 15
277386 5
277879 9
464713 6
