805 10
2 1 2106
3 2 6937
4 2 2163
5 2 8477
6 1 6436
7 1 5228
8 2 5759
9 3 530
10 6 5663
11 5 6452
12 9 8432
13 8 8503
14 4 2056
15 9 2404
16 14 6806
17 14 5531
18 3 3829
19 11 3384
20 10 2629
21 17 9986
22 4 2721
23 17 9497
24 1 5553
25 22 2252
26 5 7453
27 7 3954
28 6 9944
29 26 8458
30 19 4351
31 14 1008
32 4 664
33 11 8403
34 26 8516
35 23 1773
36 30 5831
37 22 9669
38 2 7938
39 14 698
40 35 4463
41 19 4485
42 4 1305
43 27 2196
44 21 4088
45 28 5758
46 6 3700
47 21 4600
48 4 7867
49 14 3403
50 26 3689
51 48 3689
52 28 8733
53 19 5227
54 40 5678
55 10 2808
56 45 1791
57 17 1729
58 57 5712
59 54 1244
60 5 4647
61 54 7880
62 1 9701
63 4 5278
64 49 1307
65 1 5016
66 64 1125
67 59 9853
68 36 1828
69 60 3884
70 22 535
71 55 2675
72 51 8693
73 59 9914
74 19 2972
75 45 6981
76 6 4012
77 55 5787
78 30 5027
79 62 543
80 14 3471
81 43 8246
82 67 749
83 36 4605
84 76 5433
85 35 7153
86 63 6706
87 41 2808
88 58 8345
89 70 7536
90 87 8775
91 48 9166
92 29 4163
93 52 5245
94 58 6578
95 51 7286
96 68 4000
97 93 335
98 28 5636
99 11 3363
100 9 613
101 74 118
102 2 1069
103 83 2401
104 24 6795
105 49 3098
106 87 2412
107 71 378
108 92 9057
109 10 7309
110 59 3458
111 34 8999
112 18 5468
113 36 4447
114 21 3703
115 114 5779
116 46 7111
117 86 3102
118 51 9429
119 79 4079
120 20 5909
121 23 5937
122 108 2568
123 35 4102
124 57 6256
125 91 9976
126 60 2230
127 19 4073
128 37 5833
129 111 4921
130 21 9776
131 93 6101
132 61 3635
133 12 1945
134 125 4053
135 126 2409
136 45 7058
137 114 4381
138 124 1464
139 18 9723
140 72 1505
141 57 2858
142 94 731
143 39 3366
144 91 2419
145 2 5707
146 131 3398
147 76 72
148 16 7313
149 7 518
150 112 2770
151 12 7694
152 48 6232
153 148 7579
154 53 8015
155 49 1839
156 11 8257
157 145 2901
158 4 6618
159 109 6794
160 50 7726
161 2 2696
162 29 9044
163 82 8914
164 106 132
165 117 4021
166 163 60
167 1 7821
168 98 4226
169 132 5960
170 104 4556
171 139 5491
172 52 6963
173 136 2635
174 63 688
175 165 9113
176 4 5165
177 150 7766
178 59 6554
179 86 780
180 179 8640
181 65 5704
182 148 4488
183 111 5634
184 36 3313
185 156 8325
186 49 8664
187 119 4894
188 32 9370
189 6 4643
190 141 19
191 37 9971
192 100 8293
193 21 6864
194 14 2891
195 1 2012
196 165 3823
197 33 7031
198 14 1871
199 51 9250
200 44 4858
201 138 9423
202 37 4202
203 194 441
204 110 8905
205 146 1532
206 43 9876
207 128 6061
208 151 6679
209 117 7443
210 5 7124
211 131 5168
212 11 8770
213 149 368
214 2 2824
215 65 5361
216 50 1658
217 120 4369
218 156 4012
219 175 5898
220 51 8214
221 95 3583
222 171 946
223 127 6342
224 122 5929
225 47 2341
226 121 256
227 226 6231
228 40 3732
229 31 9296
230 154 1004
231 197 1919
232 175 47
233 11 7723
234 193 4138
235 44 4658
236 216 9275
237 154 359
238 235 7218
239 167 706
240 81 7798
241 134 1078
242 22 6068
243 85 6558
244 197 1719
245 106 3654
246 61 1868
247 145 5548
248 66 9078
249 114 656
250 13 4928
251 59 3525
252 232 2409
253 92 71
254 57 7926
255 27 9313
256 195 5577
257 27 2312
258 241 9874
259 135 7116
260 26 3642
261 237 3864
262 259 1804
263 217 3265
264 130 3214
265 92 4318
266 185 3030
267 205 3484
268 216 8264
269 221 3427
270 177 8616
271 49 712
272 119 9373
273 88 17
274 42 4113
275 200 5731
276 79 880
277 102 7970
278 8 3341
279 17 2957
280 206 4987
281 176 4032
282 181 1612
283 265 5711
284 23 3482
285 8 9264
286 91 8400
287 12 4879
288 169 454
289 100 2412
290 80 2145
291 92 378
292 89 185
293 238 3937
294 171 4751
295 180 6503
296 95 4175
297 246 3877
298 253 7802
299 58 5133
300 219 9664
301 291 5261
302 252 5742
303 41 1706
304 233 2846
305 212 6655
306 180 8645
307 32 1979
308 78 7735
309 269 2233
310 24 4207
311 284 5747
312 110 9450
313 53 2188
314 56 3873
315 53 5131
316 138 2133
317 145 42
318 125 2984
319 231 33
320 260 4298
321 27 669
322 54 9045
323 274 9508
324 16 701
325 100 3046
326 58 6847
327 143 6092
328 80 3095
329 294 9142
330 312 6874
331 52 8543
332 148 9905
333 129 3154
334 33 6169
335 192 892
336 59 2719
337 89 7361
338 47 1965
339 185 1029
340 267 5041
341 245 3267
342 135 5640
343 342 4899
344 28 3335
345 108 1131
346 104 6629
347 105 8298
348 177 5043
349 125 8351
350 244 3200
351 177 2593
352 42 5021
353 346 9769
354 283 325
355 138 8957
356 91 9309
357 231 1599
358 138 7222
359 346 6704
360 158 6210
361 319 615
362 280 4997
363 183 7110
364 108 8371
365 83 7129
366 314 8306
367 270 6557
368 150 5332
369 279 2063
370 265 3914
371 341 3555
372 96 8239
373 227 1575
374 321 1245
375 279 9773
376 192 1651
377 111 8184
378 96 4626
379 359 1316
380 217 2721
381 212 8539
382 240 8408
383 223 3292
384 143 1944
385 133 2949
386 300 9964
387 54 6688
388 88 913
389 187 9647
390 199 2002
391 357 2072
392 376 5723
393 105 2337
394 17 7989
395 155 4722
396 290 4467
397 8 7691
398 335 1684
399 203 1474
400 35 3749
401 240 7561
402 233 4464
403 155 8812
404 205 8234
405 268 4449
406 51 3191
407 155 2030
408 201 853
409 277 651
410 134 3690
411 164 5446
412 145 597
413 191 9826
414 330 3710
415 86 8889
416 234 4013
417 87 3797
418 15 2107
419 190 8832
420 89 5698
421 67 2101
422 407 943
423 416 5565
424 315 1963
425 212 4862
426 68 5086
427 73 7500
428 426 1151
429 24 1004
430 154 8590
431 159 630
432 14 2603
433 291 3550
434 123 8803
435 245 5347
436 340 3825
437 131 9937
438 188 430
439 268 4610
440 58 4646
441 40 9784
442 343 2547
443 209 2954
444 130 4818
445 205 7310
446 161 3383
447 159 5338
448 298 8739
449 371 8131
450 88 2239
451 161 9055
452 5 483
453 171 2885
454 212 4642
455 313 6985
456 446 8849
457 99 8631
458 96 7121
459 177 7580
460 20 1935
461 349 3236
462 124 7244
463 233 9654
464 301 8973
465 162 3144
466 267 1620
467 410 7780
468 289 3826
469 335 4941
470 50 3694
471 354 1946
472 22 2411
473 242 1008
474 156 6421
475 105 5279
476 430 9973
477 443 3959
478 162 4137
479 384 527
480 14 3521
481 355 7186
482 129 9905
483 28 7466
484 233 9450
485 53 5779
486 238 1079
487 115 3481
488 17 4507
489 466 5756
490 62 1240
491 206 9479
492 136 937
493 476 7
494 184 8206
495 380 8645
496 388 250
497 458 6164
498 68 3325
499 446 9406
500 115 3175
501 332 5328
502 387 8689
503 481 1663
504 14 2598
505 437 9569
506 320 4450
507 54 3070
508 140 710
509 383 1037
510 398 5185
511 432 3470
512 222 6551
513 233 6990
514 285 955
515 223 1011
516 353 8516
517 392 5933
518 349 8736
519 186 1820
520 444 8384
521 488 1155
522 17 8583
523 124 9386
524 484 9637
525 345 6515
526 463 6823
527 5 2257
528 366 6437
529 509 284
530 259 3358
531 321 9951
532 223 6674
533 40 9416
534 527 5572
535 457 4796
536 384 4889
537 353 9306
538 470 3424
539 204 1420
540 342 2382
541 231 7303
542 296 9353
543 83 4688
544 492 346
545 338 1975
546 430 3308
547 41 6199
548 440 2425
549 35 5389
550 67 4955
551 75 8074
552 308 2249
553 477 8900
554 192 6598
555 79 603
556 360 5977
557 287 9463
558 398 7647
559 45 9919
560 261 25
561 292 5005
562 201 6605
563 74 7788
564 501 1800
565 327 1514
566 36 2622
567 309 522
568 424 9729
569 334 5562
570 160 6762
571 412 8255
572 436 7968
573 221 4743
574 127 7913
575 538 619
576 26 4649
577 154 8997
578 488 2706
579 119 6782
580 568 572
581 577 2707
582 430 6149
583 505 8018
584 202 139
585 128 4695
586 431 3727
587 45 1823
588 535 2384
589 574 6132
590 209 7310
591 217 8786
592 384 9339
593 280 3508
594 248 855
595 563 949
596 392 8733
597 495 6505
598 77 835
599 391 4575
600 84 1080
601 526 8321
602 213 4615
603 275 7874
604 383 4963
605 486 9137
606 211 4891
607 593 9681
608 533 928
609 6 5344
610 166 4577
611 118 7999
612 494 7754
613 247 7380
614 282 8378
615 71 8636
616 192 2105
617 28 5635
618 514 1691
619 57 5646
620 278 5927
621 153 3414
622 343 8006
623 529 5842
624 467 6868
625 435 1727
626 198 2095
627 616 9014
628 379 3486
629 352 3325
630 167 8323
631 553 697
632 385 2430
633 275 3894
634 423 5359
635 483 1163
636 366 3235
637 324 6502
638 419 981
639 422 5486
640 37 4101
641 14 2326
642 58 3386
643 68 4035
644 295 6815
645 644 336
646 111 135
647 540 3179
648 16 2125
649 415 5025
650 421 1959
651 472 9440
652 31 6164
653 456 903
654 598 3528
655 252 8606
656 294 428
657 341 8349
658 64 4052
659 584 852
660 135 8683
661 432 116
662 436 9216
663 535 7376
664 92 5079
665 592 8081
666 162 2633
667 346 3167
668 447 5041
669 140 2449
670 247 8449
671 586 8404
672 595 9716
673 62 3207
674 162 9966
675 500 9873
676 486 3373
677 581 4228
678 1 2390
679 322 398
680 132 2333
681 338 2279
682 627 5617
683 631 5542
684 40 5395
685 198 6158
686 491 9878
687 131 3428
688 594 5103
689 427 8345
690 658 8425
691 48 2925
692 120 9044
693 215 5220
694 128 4076
695 406 5919
696 196 9299
697 161 6212
698 594 5873
699 20 4470
700 211 4405
701 296 8965
702 373 3075
703 581 7266
704 379 2431
705 617 9088
706 115 2147
707 251 5316
708 458 7675
709 649 3428
710 550 9032
711 161 7096
712 155 6876
713 558 2238
714 361 436
715 514 86
716 163 5630
717 556 5092
718 582 1617
719 93 1179
720 116 9248
721 542 6781
722 519 4567
723 413 9722
724 391 6453
725 656 3884
726 198 3231
727 577 8013
728 35 7742
729 514 4170
730 159 322
731 288 9298
732 425 1998
733 38 1240
734 113 6777
735 367 7873
736 240 4526
737 156 3219
738 149 7340
739 148 774
740 197 828
741 431 7684
742 296 8485
743 432 7967
744 654 5749
745 481 4933
746 507 4557
747 110 6709
748 306 6446
749 536 1924
750 48 4668
751 508 1194
752 684 8510
753 731 9932
754 41 8138
755 514 803
756 589 2190
757 683 9219
758 84 5293
759 684 9211
760 375 9421
761 530 5003
762 159 2944
763 418 8224
764 395 5215
765 130 4465
766 67 9290
767 200 6370
768 737 6548
769 211 9022
770 270 2150
771 201 6657
772 381 3397
773 399 682
774 660 2158
775 317 2250
776 467 1372
777 755 2924
778 11 2876
779 351 8617
780 335 6151
781 311 5298
782 281 7412
783 447 2803
784 25 3798
785 306 94
786 745 1900
787 765 3140
788 96 9835
789 369 9868
790 672 9683
791 725 9228
792 715 1257
793 537 9345
794 171 2955
795 427 9617
796 216 6606
797 416 9538
798 611 2338
799 66 4096
800 161 4173
801 125 826
802 335 8728
803 430 9377
804 213 9966
805 654 1514
184443 1
703263 1
104083 1
52917 1
743202 1
190153 1
26950 1
877185 1
394726 1
985303 1
