1000
45 83 96
38 27 52
34 68 35
99 77 4
62 57 13
99 60 89
61 71 58
61 56 2
80 32 67
91 61 19
6 53 79
59 78 24
81 8 37
78 22 46
45 38 11
100 70 91
16 74 2
14 84 31
31 9 97
11 83 30
60 100 78
62 24 38
92 33 47
18 22 25
24 64 84
41 12 92
87 81 48
30 74 67
16 53 10
67 45 63
21 60 67
36 69 53
59 96 91
88 56 9
99 95 91
100 47 93
75 96 31
15 87 67
90 76 61
91 2 82
97 70 4
38 31 43
52 33 14
49 42 78
10 36 76
2 36 39
23 21 97
84 74 99
74 77 38
13 66 1
22 15 99
0 54 4
3 53 40
13 82 4
75 97 59
5 36 8
83 83 38
72 83 63
92 55 47
33 58 9
20 39 43
22 41 17
28 89 30
14 60 30
82 20 52
79 6 20
48 39 20
51 34 61
72 53 57
53 85 73
10 67 92
87 78 17
97 81 53
38 13 28
41 35 64
52 20 71
57 28 81
89 41 20
52 39 2
69 44 38
76 27 10
10 22 55
25 93 2
34 9 32
46 25 23
15 48 19
98 80 87
17 52 13
93 40 71
27 86 68
56 56 52
99 26 64
1 74 53
66 89 30
77 97 48
56 82 23
6 90 7
84 63 23
8 3 76
90 48 65
47 52 75
76 47 70
36 54 38
39 39 55
25 68 86
93 94 28
9 78 90
98 4 46
67 23 25
35 8 16
73 79 96
36 22 35
19 71 93
8 20 80
84 69 3
30 94 18
29 16 45
47 39 84
100 61 33
51 26 61
32 43 54
39 43 22
73 66 59
67 12 75
0 15 62
16 79 40
69 96 3
82 98 10
75 52 73
100 33 89
91 35 47
61 29 41
65 89 98
48 86 21
91 86 32
96 95 29
3 98 22
12 55 55
29 71 99
19 90 69
15 14 85
88 40 84
36 98 30
14 12 58
33 55 85
56 87 92
83 41 63
49 86 5
86 23 47
15 81 62
100 91 18
64 25 83
58 99 46
22 2 57
100 28 10
88 64 68
78 3 72
42 67 14
81 58 33
38 10 22
76 77 73
6 54 76
91 25 16
41 32 82
81 45 30
83 62 4
47 71 80
49 18 95
41 58 27
61 34 14
91 77 63
92 100 81
45 58 33
37 59 59
89 80 48
35 99 22
58 36 22
56 1 93
4 92 13
86 14 22
39 12 84
57 92 78
42 93 80
36 41 40
15 40 98
12 25 45
90 78 19
71 86 34
84 70 75
94 73 33
43 58 83
65 88 97
8 90 85
33 44 96
5 66 37
67 43 20
78 21 43
29 37 5
30 25 5
18 18 95
66 43 12
75 9 23
84 95 42
23 60 91
66 17 16
32 98 7
19 38 41
86 25 64
45 61 96
46 69 58
69 3 81
97 48 53
65 18 82
84 40 70
20 46 63
37 2 41
16 54 82
30 41 28
80 5 56
15 72 4
8 87 8
51 72 5
100 76 79
79 48 76
23 36 86
75 68 11
41 98 74
66 90 100
99 8 47
3 96 47
78 12 26
1 69 27
77 83 32
10 19 4
45 54 78
65 48 46
90 77 46
74 24 4
62 17 79
62 87 92
97 24 78
35 57 4
95 62 96
45 62 57
10 5 43
55 93 15
46 83 61
51 32 31
37 33 85
22 95 30
46 13 17
84 30 23
51 16 83
73 81 29
27 5 38
93 81 97
12 24 3
7 95 21
15 73 20
23 100 5
42 33 8
35 97 48
7 29 86
20 46 39
95 29 87
95 61 13
93 68 55
12 33 57
99 35 58
87 57 12
65 34 26
90 69 60
55 99 81
42 25 39
13 21 19
55 4 97
5 21 40
73 60 73
41 62 75
15 28 37
53 89 74
17 43 82
21 52 78
60 29 94
24 1 68
19 13 36
78 56 13
83 77 98
53 22 1
23 65 87
21 28 21
63 39 40
44 7 12
41 97 68
34 99 40
83 98 82
19 53 6
100 91 42
46 26 68
80 66 44
59 30 79
63 75 34
38 100 15
94 29 61
41 85 26
70 29 55
39 5 38
91 65 22
99 99 99
70 44 46
63 5 13
89 37 94
0 34 29
43 44 59
58 63 62
99 41 62
25 2 9
11 45 47
82 89 7
63 47 47
48 69 67
75 97 39
30 86 56
96 55 72
25 18 17
82 65 54
7 78 53
38 18 100
45 70 62
38 20 36
27 6 1
43 81 99
23 7 39
84 98 25
85 93 63
57 85 91
42 91 58
84 93 54
26 63 84
25 55 35
67 73 45
50 22 86
31 11 66
28 13 37
1 42 57
60 81 83
30 65 81
51 37 95
6 54 76
0 39 48
56 83 72
25 74 22
66 92 12
76 5 76
52 27 39
14 98 61
82 55 91
73 9 85
98 87 25
94 30 1
96 44 13
10 32 14
9 77 77
31 47 82
96 46 59
76 86 17
60 87 90
77 75 10
31 57 62
78 100 69
100 45 18
7 38 80
64 82 82
37 87 8
47 74 14
84 26 67
2 94 46
76 58 19
93 62 100
77 83 58
44 65 58
23 5 33
84 90 42
51 66 33
47 85 3
91 63 85
45 39 5
13 64 42
29 21 89
34 21 80
57 10 21
85 9 98
3 8 88
45 58 69
65 70 12
26 57 61
53 86 23
55 94 27
47 12 95
37 56 98
28 16 5
89 11 13
14 19 22
37 87 64
99 70 86
67 60 99
73 6 68
81 38 96
34 59 57
44 52 32
65 19 26
52 68 11
100 23 20
57 26 71
96 2 72
35 71 80
68 13 87
48 52 2
52 22 97
84 38 75
34 98 65
60 81 24
34 38 11
61 18 70
81 64 70
16 81 80
30 17 52
74 32 14
87 66 72
34 64 3
31 32 20
79 94 60
17 75 28
79 31 94
94 29 22
92 31 9
22 42 25
84 53 47
28 44 77
34 10 100
10 38 38
81 4 75
83 27 46
5 98 52
6 23 99
59 75 32
30 57 67
93 62 88
1 52 5
57 76 70
36 12 28
87 28 17
19 59 93
50 20 90
62 48 83
95 85 18
5 42 25
58 85 42
10 9 17
92 4 28
7 34 65
68 55 29
20 73 83
97 76 47
0 71 40
99 97 98
85 55 91
49 32 95
49 47 74
20 73 91
38 4 40
98 96 13
97 44 60
59 89 41
1 97 39
97 40 45
5 20 37
90 47 68
33 36 11
4 87 25
38 92 85
66 19 66
68 76 65
52 96 17
45 4 63
54 84 77
55 47 53
7 52 33
34 67 6
37 26 33
78 28 94
66 75 25
72 84 72
87 47 83
76 23 47
96 74 56
9 67 78
95 88 7
54 47 14
16 58 42
11 32 65
34 14 7
82 97 70
37 33 18
85 85 34
2 96 76
35 9 73
55 98 32
65 81 74
99 10 38
81 69 83
68 82 88
26 20 90
65 91 93
100 17 30
77 46 98
31 80 31
77 46 25
84 90 1
13 15 91
37 65 24
0 55 55
84 79 77
7 33 36
0 68 90
5 85 97
11 5 82
33 35 34
40 5 31
58 58 81
27 23 72
60 68 69
16 48 34
40 58 61
48 21 33
91 22 82
7 54 41
99 3 95
23 70 19
21 94 36
85 33 65
54 18 72
32 71 93
52 90 42
64 76 28
54 99 95
93 73 82
14 81 78
88 17 100
65 77 35
97 14 17
87 15 84
29 21 13
92 7 98
37 62 67
3 75 98
87 63 13
2 77 57
61 6 25
4 78 15
76 45 72
39 42 75
96 67 6
55 2 71
58 86 97
2 93 86
49 2 81
24 98 37
13 47 81
55 48 15
30 29 57
14 46 40
2 9 3
49 11 58
56 44 57
79 46 84
99 61 22
72 15 93
23 66 83
53 52 65
8 34 45
57 75 37
4 90 64
52 23 15
46 38 10
85 96 27
21 17 22
95 92 84
12 39 71
30 15 68
61 63 52
55 82 52
50 36 93
24 60 67
95 11 94
91 2 12
97 83 99
30 5 25
91 96 80
54 83 44
99 70 27
47 53 21
72 69 8
48 55 54
87 37 94
34 26 6
23 76 96
70 35 42
74 27 60
0 57 27
1 94 5
37 54 52
31 8 81
36 64 15
31 43 35
16 5 23
68 88 23
7 13 7
28 96 15
29 42 62
10 55 27
7 52 70
52 79 8
38 55 3
54 31 99
32 67 10
68 23 60
38 86 11
61 11 30
54 98 4
52 29 5
84 58 8
18 69 54
96 28 17
12 88 91
2 47 93
53 5 47
97 10 91
24 84 57
55 58 79
65 42 19
67 53 15
61 12 61
54 70 59
83 21 71
28 100 1
77 31 9
53 80 34
47 1 94
69 26 21
13 69 20
93 61 47
28 12 87
13 55 55
15 90 92
92 67 54
4 57 29
73 29 39
19 77 72
54 93 10
0 89 69
89 74 71
20 56 69
27 81 7
23 34 79
38 2 57
49 35 2
99 91 5
25 60 20
72 98 89
36 87 6
21 66 14
87 20 40
16 20 69
67 43 16
27 97 67
20 2 14
2 42 20
82 47 30
5 77 17
34 16 89
44 95 98
6 74 68
73 91 41
53 70 66
20 24 95
62 46 1
45 39 23
4 11 83
91 24 30
100 91 95
19 95 1
96 10 58
80 15 95
35 29 87
84 58 56
56 91 37
26 91 40
96 23 79
51 36 99
54 7 5
92 80 87
29 75 87
74 83 52
57 52 31
16 35 59
61 58 61
22 45 39
95 82 27
4 25 17
80 65 25
6 97 77
36 4 21
49 22 17
76 9 32
5 4 81
41 88 72
60 24 94
92 10 71
29 25 59
88 58 41
15 19 12
93 24 72
82 70 56
52 10 20
18 89 10
39 5 87
29 2 60
100 60 84
19 32 69
96 80 66
6 56 93
19 7 99
73 94 45
9 10 84
43 82 22
94 62 11
47 88 38
20 18 1
81 38 43
80 25 64
5 34 58
79 67 41
61 9 64
88 17 98
22 88 73
6 33 77
65 77 89
4 80 61
33 29 79
65 69 32
3 22 39
19 32 19
81 3 94
86 15 32
17 46 54
98 69 74
46 54 18
92 3 36
20 98 70
40 67 34
78 12 41
59 19 85
13 64 55
4 86 31
43 72 63
51 22 21
55 94 1
28 88 81
33 39 73
1 87 21
20 14 88
61 95 87
88 5 55
76 7 28
39 85 37
96 100 18
86 22 44
64 20 30
54 28 31
54 53 91
70 59 36
42 93 63
100 1 1
95 11 94
5 100 52
2 48 25
42 63 85
56 43 8
61 87 41
55 83 24
3 89 85
97 7 12
87 37 39
100 55 38
50 78 61
95 59 36
66 98 21
60 83 20
53 66 72
7 83 47
62 18 5
100 6 31
61 88 67
25 85 66
46 74 16
60 57 42
78 28 15
24 26 19
67 94 53
53 3 4
34 72 75
69 91 72
73 81 87
52 37 89
12 9 17
33 34 86
40 29 19
71 75 75
34 44 71
16 39 79
25 25 97
70 25 2
74 76 22
32 60 75
17 37 79
4 99 34
82 32 14
4 64 27
63 90 6
72 21 28
91 77 4
62 17 11
60 86 100
66 15 25
70 35 40
74 13 7
53 61 85
44 60 67
71 28 11
94 41 86
79 20 6
37 43 86
33 6 28
77 89 75
48 16 37
90 14 81
22 34 52
67 14 93
25 40 82
41 87 80
66 69 9
91 88 3
52 71 59
11 30 40
48 100 7
67 83 21
100 74 54
47 68 48
29 90 66
0 53 42
69 77 100
39 94 64
50 22 39
76 84 67
75 31 59
15 70 53
68 47 78
42 8 52
15 12 1
37 21 1
79 13 6
95 23 15
89 21 73
52 56 84
28 43 83
24 24 77
31 86 25
21 88 44
11 10 80
55 36 81
30 61 23
45 24 7
54 13 86
41 85 37
68 85 59
58 20 9
85 71 33
12 98 95
22 61 99
89 99 82
44 35 57
35 87 31
61 89 91
18 82 44
5 74 9
71 28 4
30 9 85
97 16 13
43 30 26
13 9 38
48 64 69
42 4 54
64 96 55
10 22 75
42 35 78
62 59 95
82 94 57
29 36 86
75 83 75
20 46 23
26 54 1
93 6 84
100 84 72
52 58 41
28 75 45
12 85 59
54 69 77
62 86 17
1 54 73
14 65 87
82 86 16
73 4 82
85 73 67
44 4 23
6 90 18
38 13 25
100 39 9
28 62 38
9 76 39
83 81 21
24 57 9
57 38 52
29 94 95
21 61 42
89 86 90
55 32 37
32 27 27
72 45 65
57 76 73
36 60 91
99 62 71
85 85 71
9 67 98
23 74 80
34 27 91
3 19 75
68 31 60
62 67 78
59 72 79
75 36 52
72 68 30
24 66 29
100 87 47
4 47 1
76 87 22
80 53 38
48 62 3
46 4 73
14 58 26
34 92 25
28 95 81
1 7 59
71 83 38
48 19 14
100 89 79
65 77 76
1 22 6
56 35 42
35 16 42
54 73 68
88 7 40
28 95 98
86 82 81
40 87 59
0 20 21
32 77 66
14 36 81
93 73 87
87 21 91
17 24 45
50 45 96
50 42 68
11 99 92
44 68 69
91 10 23
55 3 20
4 45 66
62 44 84
21 89 97
97 10 17
75 46 17
39 62 18
91 63 31
91 9 77
26 4 85
35 45 55
69 11 77
87 12 14
78 84 95
