1000
981 707 889 996
477 886 772 380
182 307 391 996
505 959 469 968
206 915 695 860
858 863 864 633
88 658 92 966
502 980 863 519
707 524 322 387
906 31 307 443
510 323 122 546
216 669 319 956
703 923 825 743
887 62 442 741
845 274 443 520
493 460 590 460
188 173 43 39
17 157 305 321
521 925 406 576
31 314 382 364
172 946 745 351
180 293 223 806
191 36 957 920
984 85 336 101
572 922 379 697
943 300 835 451
242 612 623 331
60 327 437 49
113 228 370 241
985 461 886 137
153 58 710 192
116 295 617 285
881 498 507 401
918 270 24 695
302 198 372 866
250 520 411 52
20 583 151 850
682 543 106 669
845 583 602 587
222 552 838 496
889 640 782 386
962 513 72 80
139 75 140 212
558 483 371 580
607 562 415 393
479 17 344 61
911 359 528 206
412 834 350 92
683 575 163 222
335 934 596 364
451 27 153 142
782 283 12 563
107 370 6 137
548 541 775 187
386 587 506 675
945 710 331 710
529 862 357 533
679 354 143 261
268 900 141 496
72 755 154 289
295 621 981 5
993 965 694 484
6 652 707 189
806 817 4 709
377 622 635 295
201 380 755 628
74 63 466 203
673 931 366 739
527 12 795 779
30 826 995 526
435 836 946 181
369 427 843 732
704 165 79 455
371 793 764 863
319 131 165 462
251 249 840 628
345 940 936 772
812 427 91 860
255 121 369 242
104 986 292 667
643 682 893 478
76 480 338 239
575 964 746 801
411 311 168 33
324 792 253 75
229 458 200 861
534 20 733 711
14 637 564 874
135 212 669 557
780 670 527 295
415 500 996 145
165 883 443 270
802 523 669 990
963 733 432 422
818 925 431 581
941 204 743 672
614 720 562 205
243 347 113 601
913 690 580 22
269 927 356 537
502 656 840 148
372 545 656 801
30 779 56 812
543 576 248 613
388 771 538 939
9 333 851 771
513 522 524 697
550 667 226 848
151 427 495 99
85 717 98 811
620 750 682 648
170 219 140 597
233 186 440 86
467 95 275 900
181 53 517 224
495 788 339 775
36 148 163 130
76 29 17 108
758 854 992 803
253 309 336 690
29 311 475 269
64 959 445 741
529 821 176 211
243 736 114 952
359 784 695 173
167 529 395 366
389 429 550 505
578 615 982 994
131 540 353 751
40 345 444 573
101 39 507 42
49 258 563 790
441 662 342 101
829 725 387 98
643 981 498 481
23 812 706 235
689 788 57 589
874 150 121 622
285 696 301 566
435 391 636 460
676 87 821 355
966 295 773 612
685 641 690 57
121 932 248 474
512 422 668 257
508 678 425 386
134 769 776 585
998 898 1 706
348 738 558 591
719 419 529 964
250 747 534 418
748 226 675 311
946 133 644 18
116 878 317 535
657 835 50 755
801 838 72 371
144 98 665 672
783 795 770 499
866 324 405 679
829 566 149 984
35 892 935 213
316 463 739 654
393 405 518 202
93 353 901 147
548 574 689 809
55 120 968 874
613 754 879 867
367 198 308 870
370 81 37 458
37 502 553 664
126 724 326 661
800 969 172 919
749 485 777 344
372 377 876 987
538 545 90 690
918 596 845 450
77 211 351 781
976 688 323 926
229 416 481 287
469 16 656 181
454 943 40 776
661 952 667 633
949 547 683 392
119 79 850 30
919 884 86 323
53 873 237 139
750 506 385 464
18 715 272 715
939 733 42 193
890 709 745 408
401 813 733 188
20 655 690 120
62 378 475 750
976 865 143 20
665 897 614 129
721 30 71 141
202 777 306 435
256 263 985 521
484 942 174 198
282 202 9 793
708 485 733 954
643 199 692 505
618 542 216 847
358 651 791 810
282 535 428 352
71 569 698 221
986 424 919 769
208 31 814 353
514 430 18 609
418 385 82 471
333 136 866 913
567 870 596 274
934 423 761 33
548 144 343 933
83 23 512 260
659 531 593 315
943 805 221 613
928 893 874 115
426 732 334 539
731 852 655 753
95 889 617 845
859 811 305 585
424 381 675 783
974 403 558 655
299 608 679 722
281 187 400 820
937 204 645 346
559 455 241 72
99 62 341 545
769 379 506 382
638 829 992 836
591 172 973 364
79 442 93 504
725 573 827 36
445 158 360 361
790 287 845 381
149 137 548 133
560 81 832 455
796 335 928 357
248 676 71 597
942 404 237 540
464 879 832 242
665 218 63 894
182 587 41 93
850 753 608 18
981 732 774 535
537 395 355 906
42 767 251 17
1 210 645 192
220 410 117 871
178 254 163 738
613 199 527 476
657 769 568 468
973 419 906 30
9 179 694 558
249 851 833 53
584 930 923 253
647 854 171 749
139 491 320 500
906 800 904 680
649 819 192 535
734 557 536 172
202 498 503 71
507 280 209 55
316 300 791 147
513 805 349 199
498 703 933 50
281 894 750 852
102 353 458 771
198 503 778 933
95 41 233 458
134 356 303 13
732 268 8 669
159 379 690 380
44 528 866 443
144 468 162 366
750 311 676 612
885 48 927 322
619 928 802 956
812 989 408 256
20 772 688 68
409 171 494 154
367 777 253 997
719 565 246 921
792 397 651 1000
48 231 49 805
985 185 328 137
20 177 802 164
859 624 81 576
612 211 533 205
948 239 229 198
798 626 452 493
523 428 447 733
281 869 497 511
626 341 225 367
569 834 463 283
178 899 35 231
219 647 373 905
303 842 361 367
581 538 782 659
709 467 995 22
769 64 369 373
112 201 922 509
215 212 694 458
653 209 387 937
593 453 513 762
79 959 242 334
773 29 603 52
171 30 816 441
419 396 245 115
910 711 509 439
686 192 87 230
535 717 627 647
575 223 344 3
718 546 187 920
754 885 826 443
359 7 530 928
873 271 154 52
688 491 287 456
732 600 715 590
682 189 299 81
742 336 922 745
161 851 265 600
166 522 125 506
456 468 193 873
696 65 484 477
921 617 550 192
983 774 267 320
865 521 633 955
750 799 683 708
269 992 873 124
636 887 708 42
797 433 2 347
949 245 981 202
137 90 470 587
431 67 675 160
506 817 810 191
868 149 899 188
822 317 951 470
863 931 274 741
513 823 162 812
218 605 743 95
915 17 732 103
402 732 221 895
926 717 881 80
195 206 763 679
222 196 535 573
750 215 891 515
905 458 458 763
69 483 91 722
117 571 98 737
609 726 397 999
689 30 141 254
196 786 505 335
707 848 128 36
830 7 75 64
372 666 453 439
754 928 634 720
152 515 136 774
73 603 640 801
757 535 304 508
911 328 202 614
442 552 129 113
380 204 21 620
136 834 923 294
890 761 330 445
429 167 495 893
848 727 873 934
462 693 746 521
486 706 599 109
823 228 463 269
85 548 598 230
919 678 55 315
26 328 683 553
349 689 570 205
489 335 911 4
705 90 245 309
239 449 298 330
512 717 817 757
873 960 631 582
548 243 869 721
591 508 8 635
904 478 345 436
811 661 692 570
770 937 934 526
400 171 605 499
478 112 636 819
766 193 236 361
193 81 767 219
412 314 440 594
186 340 366 795
813 765 343 967
547 807 129 737
505 181 913 824
748 525 803 284
410 424 446 630
487 836 101 460
766 578 213 594
79 199 175 546
172 677 316 566
505 773 980 196
302 310 300 288
563 207 48 529
818 147 972 859
544 126 622 331
464 675 592 65
311 71 805 991
92 709 93 645
651 581 722 296
378 845 626 181
645 811 139 201
626 157 462 997
121 943 295 435
871 90 648 405
679 554 108 251
48 41 611 867
818 276 263 690
567 925 661 446
822 929 178 682
217 312 261 902
625 746 571 876
792 531 573 753
991 57 424 779
275 398 982 481
243 630 452 43
273 302 164 381
721 13 323 89
408 933 59 115
545 143 767 312
955 256 142 694
399 203 746 419
295 405 597 692
383 234 245 71
14 517 328 489
446 273 323 608
562 306 567 187
991 285 805 311
59 979 333 75
762 475 184 160
948 343 922 202
598 604 253 120
331 98 711 352
495 612 836 460
178 27 864 996
183 732 855 418
632 727 703 599
755 335 262 588
326 197 367 101
978 542 497 865
396 81 275 279
110 639 576 160
914 7 267 471
227 669 225 38
516 56 67 345
700 842 239 887
129 438 808 741
947 989 585 888
503 77 706 339
887 417 827 74
127 219 883 15
27 89 695 11
664 930 626 232
906 403 258 266
979 511 559 544
528 972 496 787
246 76 20 935
322 199 340 303
519 693 928 406
201 994 991 525
951 859 709 121
579 839 30 370
532 406 540 250
572 98 710 361
642 695 101 273
971 37 491 935
183 760 279 396
155 149 148 124
155 691 349 524
930 285 569 287
252 166 447 433
977 56 552 540
265 930 936 493
136 664 826 491
24 231 252 882
40 506 690 813
720 617 582 778
766 485 999 247
929 772 143 879
756 5 936 632
993 510 190 290
721 23 33 854
577 187 707 249
884 541 32 732
367 178 198 3
58 853 133 895
25 34 428 373
542 765 692 701
762 495 266 143
69 63 617 76
829 45 449 348
680 157 736 959
558 908 562 117
126 200 956 212
685 622 617 241
757 221 575 194
540 472 228 430
384 844 706 593
843 668 944 863
840 769 273 674
503 388 741 27
781 241 228 428
950 805 689 745
864 669 291 557
23 447 581 934
362 569 234 672
527 859 881 952
559 357 492 989
691 927 197 951
984 87 836 796
895 839 254 214
499 546 233 781
69 879 733 504
828 651 617 477
219 526 583 621
279 855 712 885
77 441 562 382
74 520 439 989
90 596 534 458
385 558 804 998
90 781 943 133
480 528 276 586
835 413 389 110
467 527 283 936
344 384 301 799
691 160 383 396
815 451 518 724
293 493 587 623
981 543 948 251
105 836 910 401
136 35 921 944
809 305 342 368
58 972 884 604
563 955 660 903
338 267 159 726
789 420 416 231
347 201 303 871
381 369 940 554
695 841 470 444
109 716 91 355
153 794 252 872
503 581 699 541
368 624 77 194
236 822 362 46
130 534 874 183
154 409 625 861
744 39 527 38
39 615 127 321
91 121 977 401
300 336 961 439
925 302 64 711
18 558 531 722
60 237 938 197
255 415 588 237
703 919 387 947
456 366 335 859
956 542 100 544
490 816 287 992
286 292 509 956
547 742 476 523
149 309 692 329
474 629 529 588
24 770 324 101
116 116 499 433
610 917 934 295
822 522 668 534
849 761 376 761
751 178 786 770
613 716 899 757
767 26 153 122
266 570 605 134
671 282 294 130
683 191 634 483
351 965 153 409
162 954 557 608
59 160 709 652
871 927 466 698
567 874 763 19
487 306 175 949
347 839 232 88
975 407 751 330
286 766 291 477
925 870 968 636
546 592 474 371
148 927 854 698
917 182 548 990
293 646 341 342
692 336 88 732
766 632 236 744
653 790 282 101
819 846 491 377
437 599 983 84
267 311 32 718
809 8 607 176
945 967 243 939
390 346 121 921
723 934 114 254
232 138 156 276
568 727 593 383
736 601 812 904
457 161 248 721
627 707 170 826
928 638 511 948
946 479 234 955
492 725 144 733
538 948 458 379
877 83 148 525
375 544 589 178
929 990 981 383
744 608 147 666
556 506 219 679
231 319 617 221
955 639 957 87
502 309 189 53
429 113 112 759
420 585 318 766
177 847 601 846
618 356 952 953
175 341 318 456
356 749 150 496
452 778 433 414
855 222 773 115
815 842 633 305
576 280 72 916
391 549 488 363
926 515 722 977
688 285 964 805
166 49 957 392
531 515 421 674
520 367 73 66
135 728 666 581
528 557 417 122
831 384 294 354
722 68 42 2
628 356 668 237
127 694 51 142
910 423 259 9
566 173 158 496
45 642 496 593
776 138 897 43
608 809 751 911
456 376 865 800
740 616 357 630
4 723 847 438
340 969 311 926
486 905 371 736
271 82 52 713
150 801 507 822
958 711 399 319
571 670 962 927
42 575 535 368
118 291 804 621
576 373 855 107
849 591 842 708
992 165 668 415
990 975 367 76
302 535 482 941
519 971 654 297
708 801 981 779
1000 615 629 353
521 161 856 912
143 381 344 246
553 713 413 165
880 386 481 314
454 545 819 594
379 111 764 467
701 172 18 307
513 102 720 639
848 678 770 71
879 216 562 825
130 4 641 247
513 523 708 731
117 121 726 630
628 563 111 11
892 2 983 669
266 155 662 764
408 749 4 420
728 515 562 822
517 812 492 422
878 436 718 735
537 683 889 429
375 267 65 680
153 500 76 162
311 223 541 228
604 424 374 817
979 284 705 860
667 789 418 107
79 45 323 736
332 745 472 647
545 406 909 369
489 743 82 273
703 84 397 336
887 177 199 864
952 168 742 920
198 964 765 336
498 108 151 510
562 725 243 605
648 222 302 790
165 919 952 431
809 18 181 319
835 185 215 135
310 860 186 39
965 727 111 558
894 594 982 304
98 401 50 957
712 512 696 142
258 620 414 610
479 319 7 381
748 605 680 66
435 424 426 43
552 618 997 73
383 913 267 946
768 204 763 818
858 263 875 436
517 674 798 92
140 457 45 612
594 644 30 6
797 109 428 811
696 637 632 475
211 666 24 25
744 844 530 567
570 843 576 934
240 9 883 9
495 786 12 939
48 679 574 38
351 202 684 678
749 912 58 303
660 540 894 264
979 265 294 177
213 814 384 853
140 169 523 606
493 71 479 313
206 713 842 996
147 231 175 607
708 176 540 224
452 19 956 227
342 731 553 822
347 524 824 704
37 840 126 376
869 115 27 300
44 351 61 96
561 397 634 153
243 788 22 751
681 387 242 854
140 559 508 183
663 352 729 139
887 741 830 720
527 733 801 865
653 403 431 301
740 281 157 485
542 746 254 686
266 222 350 193
963 948 331 732
150 761 879 508
31 695 302 980
817 29 389 443
670 191 297 312
601 65 439 850
912 44 621 394
576 823 958 892
217 401 515 49
652 198 286 821
159 8 930 236
319 756 627 270
430 155 274 183
667 367 198 708
260 307 223 134
416 639 423 120
11 155 925 646
754 238 965 971
655 496 539 841
686 605 644 784
497 402 214 739
973 681 517 795
598 915 808 500
568 609 576 710
184 277 554 401
332 184 824 206
536 865 318 925
910 374 15 557
646 618 615 485
366 11 138 141
250 503 186 631
360 109 941 929
358 734 358 469
32 848 262 495
137 468 431 975
695 808 861 206
707 103 486 244
494 221 606 340
666 1000 582 584
331 399 4 346
319 453 505 773
411 37 417 177
189 693 117 135
125 535 85 724
957 98 329 351
643 759 703 998
506 558 947 77
561 788 593 22
409 362 220 220
32 236 38 504
377 58 213 353
714 76 393 415
362 249 279 613
616 997 523 525
268 699 444 474
767 658 800 573
481 365 119 946
445 636 228 888
478 981 584 99
356 695 670 601
933 735 357 147
49 512 530 743
348 993 785 62
847 77 565 77
696 373 174 463
921 716 709 711
714 500 97 879
958 795 396 447
902 803 539 848
796 277 226 182
197 779 42 771
830 764 726 592
831 486 940 631
740 44 151 858
157 906 66 559
615 860 226 60
751 274 274 931
42 374 232 327
972 367 749 476
978 533 910 800
260 306 654 772
989 971 867 926
120 36 507 329
405 568 390 254
347 260 152 208
493 20 16 825
262 417 761 525
71 206 103 818
858 142 353 657
891 897 842 65
100 665 195 986
285 166 922 125
898 572 389 644
852 722 214 969
389 404 47 985
94 673 401 672
344 372 39 670
220 38 787 899
206 522 233 414
805 637 772 325
567 842 607 194
492 95 237 634
209 849 68 300
453 964 22 554
655 849 762 50
962 139 124 456
349 869 607 210
790 619 134 562
892 101 754 686
276 433 304 846
374 609 606 998
567 449 438 212
854 374 724 211
542 16 674 963
322 121 666 588
589 442 584 304
477 884 375 528
248 30 948 251
317 947 492 915
935 6 721 90
877 962 769 369
81 318 238 515
413 571 999 943
655 497 938 560
76 191 359 782
258 522 133 228
436 745 695 26
149 400 600 446
620 544 380 592
858 612 977 451
918 813 967 924
243 727 526 39
654 394 654 687
633 878 569 289
300 776 628 781
569 483 272 715
154 368 245 837
384 692 435 151
32 61 162 955
657 56 943 293
856 478 773 641
501 387 523 97
426 556 251 55
875 292 912 830
998 297 833 668
276 838 254 140
934 466 156 513
519 130 562 61
425 921 615 395
348 604 672 554
390 267 878 918
792 574 249 491
991 879 793 988
730 550 323 563
383 346 30 567
321 847 81 835
961 411 948 760
431 181 487 46
490 62 634 602
793 541 781 594
108 458 320 389
239 782 804 417
942 203 792 428
488 320 146 726
157 793 340 191
121 225 633 523
93 393 88 419
926 557 429 319
917 48 411 621
657 642 109 375
62 985 74 283
510 310 221 772
65 540 711 671
343 900 273 49
191 798 745 793
929 507 957 987
204 756 240 497
513 628 61 51
344 14 615 616
490 793 39 926
73 762 500 941
205 572 387 790
662 830 35 27
246 788 171 470
568 904 805 47
236 64 684 968
297 124 466 140
696 485 655 96
697 511 432 175
153 15 610 587
8 299 537 391
374 403 962 641
452 986 568 71
991 213 157 811
262 399 161 878
756 540 992 857
691 359 210 230
186 503 831 809
92 511 31 885
341 409 743 288
370 625 767 581
315 188 370 892
291 703 675 684
429 100 288 928
195 867 105 674
364 175 337 986
373 328 422 631
558 861 313 773
335 184 753 359
518 420 528 208
582 802 682 322
962 787 580 732
163 893 656 397
281 377 577 249
463 460 975 748
576 767 305 528
269 467 498 629
320 363 781 154
130 641 448 588
543 273 598 912
123 923 109 976
134 138 91 618
70 316 756 303
314 240 582 105
636 886 758 170
39 577 114 711
175 641 190 954
124 205 726 770
25 989 169 514
795 87 220 156
150 918 271 923
73 424 595 847
996 497 604 730
245 486 428 515
903 554 631 467
301 268 165 206
558 875 967 470
685 618 933 321
228 27 265 799
