10
10
-587678840 903996885 1029102539 1409487796 1228400350 -78278862 1307837364 815860691 51470420 -631241 
10
1170305852 1552941157 296982808 129542919 -271974231 644690032 322083956 -46162608 1431180864 842835780 
12
-517030244 1636863817 288269994 -675652803 1142625113 1424629320 202620585 922917700 10124376 504532338 1823229923 -161843283 
17
723084113 -76389323 517687189 302406607 402007639 91958822 -356586003 135789264 -197155706 273667513 19949474 565090368 622036903 1171781141 -56398600 -743124739 248825342 
14
1266622177 1224802793 937500572 56069009 -342892251 -172073082 1663363965 948650219 1036525142 -577326431 244228419 603970298 525393801 613408517 
16
-66831988 1099969780 -149064700 1131228207 955102851 -15354906 -587254289 901407521 1073720556 413729970 672831168 744416095 1364676373 -218238323 948862162 671750111 
16
603351094 -7275027 142081342 853386065 449810352 431449136 -18131661 623540645 338357704 1910133589 423378732 1448463235 923215143 1263717028 137218313 755677738 
12
444130035 144666173 564000314 232802174 1590458779 585875119 1495866806 958094319 563167503 1008026267 881605473 883605571 
16
-779765077 -779765067 -779765027 -779764937 -779764777 -779764527 -779764167 -779763677 -779763037 -779762227 -779761227 -779760017 -779758577 -779756887 -779754927 -779752677 
17
862534925 300287871 1394064181 1128299258 -7535024 845210439 423752341 1367644676 1137288134 1326120024 48544211 1344686254 -297584837 1211377721 188955678 396418619 99835909 
