10
12
1454524613 1206463415 1115064929 218230455 1259185172 528233504 1306842022 868220425 -313545965 710595440 809069200 676885935 
15
-640421353 732707251 1549470535 -214454221 365627857 820933098 187124202 168788587 15638962 278472683 -473991951 -350052637 698919990 490324809 -448871168 
17
-392615335 -578682309 216992577 309258992 1029316717 92474330 -742959368 1684400420 143220490 29803500 1279666383 1129965780 960398841 248903036 310194610 714643074 196985708 
19
-157836764 -43123417 1206344824 1427855271 702910981 27895232 649606312 -338586240 1584354647 535132526 552586371 -106565003 496505156 315618555 -92522487 953749543 -439310340 148876295 -248600537 
20
-270206790 1764283828 1469709809 1361367255 366557100 1256357078 -616569605 1520414706 877680109 -326171037 349828529 113788539 -90054154 815554361 384335972 1231124400 1330163155 -211100200 -260443659 930184414 
16
762305035 1865432342 1468645906 1479262170 901659377 -546741158 1457647167 -197453816 833308816 1511685014 1374418059 1480068345 1464794226 809266492 1516418931 636896281 
20
429382285 1436055360 -145730019 1220450426 1094556513 347186575 -85600346 -133452402 466430898 934609860 1093940531 1845887102 821266902 -131449172 -351010877 579700821 1371536143 -178551414 1707290037 194886695 
20
-515296826 1336301510 -24998134 361163071 1672440496 431793834 -7496034 707718699 -416031932 -99327070 1171703353 903499158 691457980 767534673 1041657364 732467419 907646483 -968424807 81549639 1126752353 
20
-152381174 -152381164 -152381124 -152381034 -152380874 -152380624 -152380264 -152379774 -152379134 -152378324 -152377324 -152376114 -152374674 -152372984 -152371024 -152368774 -152366214 -152363324 -152360084 -152356474 
18
-45171976 1368951439 514051487 523065331 -183328011 75693914 -457134065 1348503622 1425688415 1170233853 275766504 -384602097 851185311 389665653 1479241980 423384173 1867082199 -431966778 
