10
17
-880469325 -634479378 240369273 1493022724 -297112251 583874169 535654898 195270197 -696703678 -136961695 639975735 942010553 725965419 -249854835 909086404 250269522 -576313088 
6
1131613747 418410000 351654106 -455503895 508852412 -81512479 
17
82790371 412382864 -67223630 22222174 1555134606 1266439620 852491758 416187681 -439022047 -514352486 782532700 192012878 625696120 273199635 1180609613 1287289708 -293003101 
6
817167500 621577697 402678498 330467018 863393417 160092651 
18
1128352423 116402694 77085239 1078813977 889322339 242008043 1150892162 834838065 1224959930 -788568764 -735508985 504394229 460610526 1418321693 -30972671 1608334218 -418953346 278188265 
15
1174037765 1406888294 713172113 216220802 -58447133 1422604624 -132778361 1617017877 1471405556 -200499896 517734363 1437684748 1047182539 1565429686 -327099624 
7
1067942388 142362601 1566837083 -385468031 419272663 1587114744 -451396433 
6
-113341233 1125947813 609733035 37335795 -498477886 788963772 
7
-339923821 -339923811 -339923771 -339923681 -339923521 -339923271 -339922911 
8
1388105961 -707134016 1571591885 810028798 957198618 -256771744 277661962 -906292912 
