10
12
809221926 918709779 -110375581 440984370 842361566 -674947248 441614888 -607501661 1230452608 802864263 468416858 391977826 
8
303560045 144258264 585051371 890334178 567651235 -569437689 -572214386 -528620808 
13
922900877 -189480361 1071861980 663466599 668412129 459048312 1513836992 343758591 911668889 -531359513 878317314 682871707 914377696 
17
253192014 1156720201 361649266 1040172123 -208938120 1811167650 -170631562 1406486891 1374584419 80997023 610651269 1332321254 793072982 594877283 -463854158 203648822 -507245989 
9
-499822994 1361235037 -358178617 113640747 -32928203 -412669303 1421078879 -297821323 656151545 
20
1162234074 786038975 1099609190 452772528 500046611 1056850366 859283559 180628272 843518920 702304548 -714705890 -430844323 -267643456 117982977 762102986 458235994 -113663109 -718683875 1482498423 -534902072 
16
864030479 532379458 1056418080 480989716 -338334880 1222501485 617269820 -522695196 692125615 -800263065 1426543597 58581850 314382408 1611708452 1283335198 -126150438 
8
244955200 872360106 1342399525 -494856743 1142393166 450805995 -159922261 -225799936 
12
-405650511 -405650501 -405650461 -405650371 -405650211 -405649961 -405649601 -405649111 -405648471 -405647661 -405646661 -405645451 
15
1438007600 959759175 638164013 137025923 583625559 186905885 432996303 1076295414 -340414131 -378344417 1166103705 601083095 429373222 -52612029 1400560507 
