10
12
979070936 -105351927 1500310245 -473292628 1056301176 224480569 -53232823 1685652444 -96551806 1436212536 211824288 1036567357 
10
1535155488 185400598 1389341147 440502418 275518720 738857448 1666542274 1102830149 539998767 1700221598 
6
1391525601 688065850 730534329 -187538663 1182948701 -488932708 
11
886326423 483826973 300220950 513805373 53693679 578457363 -5865357 1182687395 1755570651 317284341 -142924953 
9
359197961 1263567710 918957025 623720487 1698951996 1027022828 18000135 610994765 1046603846 
20
122510822 279469684 917687186 506631777 1079947360 959797719 1107514056 -85573301 -31254231 960884589 255440545 259063373 271512880 495887594 874674082 1360775802 -790267688 889720944 879036483 589939900 
10
1374479464 -636562626 647165327 1298867252 32613324 745582500 786091575 -71355289 927589000 292737240 
12
1149932452 416811118 389359562 -123227509 754714640 413788420 -276358912 -305660664 1267829019 -401892964 762042747 115421048 
10
-38490485 -38490475 -38490435 -38490345 -38490185 -38489935 -38489575 -38489085 -38488445 -38487635 
12
-593272326 247473490 -23283375 114470078 626127911 778121374 486761951 1400921658 533099966 1248085077 1467589571 -234418575 
