10
16
-12249120 82175264 1760233098 -10825198 929112725 917714619 1138630188 -2091648 1134560745 1105191816 120291436 979944987 230821844 1596924313 -54885904 434268629 
19
909692197 22937256 1053044223 718365197 637188298 161346819 1102896153 -699369181 230133939 200365499 1162614271 -674716126 387532011 65527752 703478983 1605103394 -105037292 671188011 368990987 
11
-747731999 197173922 871537608 1572701070 1497464269 297192358 272280002 -201660610 -850424639 772737900 504738463 
6
914838552 1374406786 388791650 -626069523 -9966699 717338625 
16
761567426 1013996955 206806690 -77928440 -156085639 664495822 -256261640 1850813921 -454141230 -456022960 177761689 -909574319 1445297656 1421053175 1066325120 228741432 
11
1506157902 -362746732 -914389874 908188878 -664940793 -582557656 1642388218 853476117 -427797261 254304144 581604193 
17
516730764 1837657353 1152442893 951400246 1713026455 1068497563 493564898 1246579449 582503726 1354144387 -80042693 1306962222 322452915 843878082 -468504711 -269874690 -532255310 
13
918437924 -151294137 374484673 -27230889 672130886 1817382587 771977989 1066975280 999434496 926365950 1198572284 214403076 197983655 
13
-247471693 -247471683 -247471643 -247471553 -247471393 -247471143 -247470783 -247470293 -247469653 -247468843 -247467843 -247466633 -247465193 
15
289681912 1150781326 98238869 -22902857 -6950561 437780230 669274867 762697796 -218287096 1007839706 1393564537 1569847563 538787869 403148876 167001852 
