10
16
551476298 -69341641 -211830603 975574924 -412929806 -356208100 1367079355 1117924068 724295804 -60608931 1391589459 -99575761 173886354 580819226 -126410405 1462742964 
15
-22433788 28524151 -851675238 -78381453 353578130 1935031108 390749888 1132092407 613636002 744808969 762956998 -150652481 -646374352 -264004978 172937069 
7
838170504 1173608060 1483162854 1216840585 1475226304 1032684546 537588270 
18
-508766671 800633480 1152962835 823468455 -405863160 1754341975 1585392384 -680921546 1192645754 -431317323 960769179 1659757416 1590524902 607593292 1141608415 1310676120 -238098708 666203775 
11
1403003104 109883951 1501027826 -254842809 -766013782 -528347626 213288168 856382339 959285686 772290602 1053426774 
7
1576966483 838070815 701376640 -691637565 565505281 428892314 1017057164 
13
1043372328 1223886447 -357213238 407907645 -588040655 1000054081 1372288949 1048118656 487619767 829961392 -145664658 988687088 406109535 
9
252046012 -775600857 667452570 -244466516 53170107 790606979 -203173775 612014606 1495837974 
16
-184255012 -184255002 -184254962 -184254872 -184254712 -184254462 -184254102 -184253612 -184252972 -184252162 -184251162 -184249952 -184248512 -184246822 -184244862 -184242612 
19
-207158829 1281921685 20310527 578149983 928309855 826861447 -391611691 377228999 1007729424 871813292 1505335521 651927830 -316043594 136509291 1371139082 -21635280 -237564873 -62851722 -96001022 
