10
16
1484841277 84226253 -57301084 567028778 791199443 -210804926 1560974960 863027290 -296456601 -685481250 -630578959 -68356300 1448781077 1038002358 95436022 8586704 
16
220964762 -792756154 -156796970 1364065088 1045439596 338735992 733300703 -486352987 1408261703 542888018 326225581 489873616 314454179 629469036 -446167595 -494280684 
6
28907965 751617192 -410288535 -348357796 966904439 1395750257 
17
-219274491 353289796 1329634255 1000055668 1274170583 805389828 15531178 472154044 57075990 572542246 416583196 558947325 -561310009 -143694748 1710561964 -29692778 -191310069 
11
1139422977 64895205 1030099423 1215000834 737473605 791433339 -596563981 871231148 745725416 -247267496 1564075918 
18
1124408044 538430593 1080608923 15424198 632244906 1317494572 1221463395 -284963195 25875262 1379572864 465657991 678429217 49393287 -43121301 -6979732 1306312380 885540068 -156173060 
13
1193130705 -445860438 -356342444 418123222 1669574578 978688124 -603761147 1580515627 619358262 1068647036 235537047 130238359 -11528662 
11
1015828172 1377757505 1080878027 1600702110 1797915468 1075859381 728620481 738018189 439253025 543602720 1683966191 
20
-902170459 -902170449 -902170409 -902170319 -902170159 -902169909 -902169549 -902169059 -902168419 -902167609 -902166609 -902165399 -902163959 -902162269 -902160309 -902158059 -902155499 -902152609 -902149369 -902145759 
9
-87447865 389394655 902747867 -534829834 5911602 227324784 1038586390 707834129 1551171534 
