10
11
1837049091 864714102 -72498466 -513313316 436418847 299660308 -272790212 746146900 927353414 457356214 -78039520 
6
-29442947 1182803042 1690275446 616314479 32766122 53297126 
7
247748766 1286090036 -529603063 -381552249 -598578069 -182960601 1443848673 
18
-492585845 99109686 871213090 274012867 1449171951 -766077777 1596574843 -522437871 -667282961 471673300 891198864 986133379 618567233 711961385 1643986980 1535925368 -604352297 32609472 
16
290442709 568471733 -115768127 1582067026 -616103399 -691774925 321887048 -117627016 -201008374 1768952458 -510352502 189033501 204119974 7110401 -381522131 924196725 
10
630552733 1687988547 482345179 -57731935 -478263318 61423850 945075068 1157949152 698890459 620767622 
6
725551938 1338368284 1352162793 1823681016 1217229685 120910484 
14
-343525712 544044454 1122640508 207893865 1306369614 -130480306 -713342894 -108758292 221151503 203359219 1154864337 785195978 -224494109 1772643616 
12
-68408241 -68408231 -68408191 -68408101 -68407941 -68407691 -68407331 -68406841 -68406201 -68405391 -68404391 -68403181 
17
-251379134 879039898 -769951475 582757261 1844209175 1547789035 362858119 319641474 468808104 455359779 -308784848 236384372 847329238 -629488106 -30588015 -99533764 -158616295 
