5
115 776184676 520160848 730407171
160595263 217480114 45982796
333836941 315552631 625520797
579993701 378392133 81967385
473232555 232978252 72368906
212869527 363078394 464548253
348727618 62025409 138501690
86225745 124473642 254302908
576500420 383327973 641289907
260249988 490214232 552903355
645542179 499696113 83016470
490832748 313984710 43276314
284833004 447232259 439795707
7717769 343347109 283730067
461338247 148468012 549977768
432823125 410971832 103193094
136324021 419753895 132252261
118159176 65881854 404154193
289341553 433181664 514646712
198255957 86104010 432770491
367737180 473542201 186805018
10828806 50616744 124411587
707752696 247319243 395572376
712332259 13768437 644728049
678616720 225547017 460060958
527190424 451767798 651155662
557141385 219233976 270148879
337872632 158385702 463276303
445900438 117717733 461819035
10419505 26961481 646659548
313493101 433534727 505131114
461869444 73345700 564555218
622889517 508317391 412762162
145275442 435286207 670446188
502981170 481566799 513977749
194707570 164890114 198708189
512056701 22516531 415643238
546694864 110908590 24849728
261349496 269598358 635760235
441034181 347930623 9438573
315404022 338129269 509213512
629146083 435723450 97107271
589429466 51504610 76944521
421392147 3570272 312453483
534264903 240918960 325307547
111172430 123936424 439329274
484422769 62795152 190670409
712558002 446040295 357924286
257872592 442637292 521596630
446296550 332721176 496376940
730653993 162844006 294618587
494081666 298281810 77460792
669036325 228816887 81196728
747384688 142422259 601145677
481614143 102858204 637596691
465394439 81266210 540580674
633469469 497443657 319134021
642622906 240597580 11802953
27534065 428723551 18661995
280132766 279921139 184565095
745258434 393532432 411495161
51735948 275040153 359509948
201493317 503451797 241102390
501324330 512039440 692213942
344605913 508022984 508854913
770733474 96122008 614869106
413738372 148752412 410806570
266080079 426757045 534372233
143601314 322649467 185702585
33405522 326053588 291038871
619949039 372682381 24522465
153416363 233807749 398415932
48650815 69962495 268010776
568315060 36645571 198403006
614610059 314597847 153595006
195905342 488635337 516626025
657200548 20875213 684744422
134619475 208897532 366600776
54752026 53961564 568781106
278134263 10497874 218983256
259710123 6637765 578419210
154399833 170119966 717853796
405603720 348448808 128639280
119443920 489608350 376855645
609643549 114470552 385317650
320456206 498306718 416329423
472983472 35737007 565851356
590561963 278189714 400052272
502334236 305660406 265879409
316855145 517832310 143065378
415515414 430582206 336789149
745725759 70944822 516182463
239819250 188023338 366818451
628935359 81890525 421133846
211656542 410954273 413376950
516783799 121102823 122192102
414384819 276168906 128217998
418205032 430690200 66915261
460752607 2713071 313747101
298971640 184458652 522128364
177642693 491005080 104267436
397348232 450447909 67726911
280455530 369326697 190523470
390437876 379356700 593206855
358430972 417394873 555951629
338275769 384313175 207374548
299276487 385748894 590074462
28094025 316860132 207782660
120849635 187269680 459881125
589017585 198777577 662132375
359163134 358100573 491618338
49113049 289116441 48628624
207406069 467520906 480191465
60499866 21144329 182402569
565223501 136581834 557517894
458185634 436576793 93526848
225 44837568 965712120 835158586
19170488 42254955 674249783
43418422 282407647 486446453
11086796 743396319 202058381
16470530 818172757 691718352
36217007 19732813 186124689
988735 64814713 651049184
37036129 117125305 637001905
7456168 422334993 792954024
24544367 611271282 74652520
16386170 490862563 607232822
42167938 673213519 85427459
3015144 374610916 140761877
13646615 271337149 420505270
37723533 296398734 723769553
35407087 314959890 460831044
14438217 872644802 540186459
39971288 46011242 216814568
31821970 280683788 785357526
12513876 948352232 374515198
22996351 407350634 206419010
22092727 912400469 53305739
43694244 374279976 543937763
34405520 216947349 284011706
15328923 719843495 6099750
15691792 739641279 722648739
32025764 649592294 410170393
35783087 918959833 255507201
10060304 92908964 384723401
13040635 178066346 481181559
38405839 185601527 507827081
27318749 29242327 179184395
11335229 341368720 620080511
19017542 16989308 8351327
12060372 108905377 800980817
42922669 927828197 336767534
16902405 237877369 744895138
793388 904306071 137386900
42665015 142020319 330387852
33256677 646668014 134557025
20271806 678791526 180869226
33114597 110581350 216613031
21874888 866721 11743987
30402039 525817555 520422674
42970881 657074769 259554317
2213026 711186368 57487782
4124773 232581045 611565783
11962445 576225249 778820228
20512931 369266097 27535643
6449358 953014740 550520462
1572142 41491532 812694932
471196 774001732 545681267
4574955 27117416 580254370
29050373 555486610 116865369
30246873 361789672 237637255
27632397 50252344 714449159
151362 181844636 477944393
11942229 384636653 662432695
9473083 778417450 391687820
28531815 759953329 615176402
2392772 551103932 306798807
35108156 743468203 575054183
22960765 674249837 322954909
44442657 259917601 495562017
27630919 48777108 812606071
31461681 495478599 44379996
38723957 500017080 725732857
38976760 453909807 207233527
43608751 731580825 542068122
35715008 774772886 621564663
40550617 170208522 330788272
32451974 131742781 187460218
16331563 663611040 592995017
14815480 78138904 417269447
8181450 295877358 550937709
38460331 464941207 93221099
39057725 733636050 682299531
44063297 383403537 577129967
17592902 751608585 786659635
44335531 596727071 443234001
32534781 194258468 811305058
19803861 552871090 462015544
12088510 36556580 310493840
39852296 782641008 552263589
21425503 832867383 745874943
26838592 219241779 191791070
8241989 653483457 29915649
31284425 687202970 653246418
10350288 762214278 2437413
3231214 75373235 344152212
44696999 48445766 416063771
38976943 69378855 443945333
38115771 709082286 324048207
9831337 902405650 367069044
31613277 350604761 396240428
35416423 414931527 81793902
25884346 156693077 809970739
10329826 724148690 142029889
5731190 41363037 758366300
28078827 589051760 335497658
40070513 599791981 457765657
35829799 920091018 459343962
28616151 64209520 381830082
38820338 5981905 125492409
1633947 170742881 637431769
8303525 870188605 103269587
11119173 163455227 560398870
24821333 550823593 409471817
18660986 614253592 806212809
19857822 187510570 338661263
36089115 74674131 124691291
30684261 405525742 77396699
7638609 681264359 146622392
40937434 658914671 282857587
35078849 160393934 691051761
18615985 6103501 814634506
27936165 180425962 172216964
41359481 845579202 80021837
12883267 350746386 194078495
24219521 810078102 455684817
44153243 192187460 279218326
32568765 923085086 76195896
25939860 419636506 536639602
249695 312611908 488161802
1268394 560587752 829768483
25560653 737656129 405645980
9558596 852839874 580923662
21559260 321027462 236653992
9236812 500175369 403453847
6651534 477199116 788626136
10218684 367893060 615419715
1787615 128570838 605902206
30905362 917131281 107168084
11616553 863990 50237698
18736685 853668555 311338286
2427296 801412363 320134151
16859252 198865 359665016
11653503 530639439 476811765
32447485 213953688 196833746
3021498 323745064 814234219
11788905 466894990 198833986
4368188 311163392 642628907
27173452 950063827 388846366
29255213 67506319 791714639
1193239 693825239 284571857
39238948 120991081 349431141
8145704 250565994 89409399
43368054 5234025 440775131
44803437 154094042 77662434
1272551 448699730 688298915
33653912 924326218 296223536
44457912 300980660 464985357
21211178 855594033 418395513
35808275 467093949 560095666
5264949 158677774 199807713
35379513 736931767 281037142
17774697 138369725 332328043
5323340 934935080 358224469
26519232 385435595 370190421
11400060 407601021 77509211
21912917 94755961 442878708
34269934 506816732 355692144
35774696 4182392 823203876
37420702 127985280 582294921
28877540 162407149 209614728
596410 219298625 712232131
8022421 53034338 142388455
18887397 636267133 585450526
5765552 594787980 65186269
10245763 129563934 74800688
461555 43335772 431740493
161351 793543226 372376120
15033314 433385278 118986391
42142714 885781115 173580223
23084191 362493736 63294421
22673020 18478205 490370875
43767539 616339730 673037237
18055070 135183485 33313877
36088401 244428654 18351075
36049726 503191534 391690060
21341927 212894631 496684137
8124616 441404141 477902471
43947557 6807836 602649555
32398059 770142664 68637987
15561446 26319335 444581732
41493097 853268147 24131971
20753867 124441836 406408771
32816824 195042727 272285603
35648352 176384147 210144005
11544679 384889661 661967671
21510647 287946170 395447107
16160644 756721139 21047061
491727 903738523 23700838
24228701 486248209 405393250
35962123 6767528 444556288
17393901 215086980 1113195
24292365 489086241 817360026
25912747 122337526 234167539
3317413 332140806 145352497
14229024 164826253 65306363
15694678 878657801 668929243
8339592 146413431 231425024
12638185 106172549 444663683
33598563 108684286 502716274
29331380 677564719 243798675
29377327 392840627 314708533
28424490 773689264 381960657
21885854 855252652 330294215
28814498 102145380 124989129
24079145 301898885 30048817
6629944 204847506 455730395
9569445 35162211 413260546
35301898 34659140 548080837
5984606 947905065 613755431
11478700 911773097 246482770
43805405 219895462 5853355
36728980 511914908 99193482
44148870 515772896 515888388
42885465 120785848 717880929
9714259 900404630 260505670
41535351 755376535 209449164
31546449 69785841 448935247
23688412 597748252 426353892
20572062 727305131 382598001
41145795 468805063 131373006
14205376 106786568 820024553
158 28051547 601888439 291000097
16028824 258675746 183344397
8504439 180845965 59306215
21468796 187819553 25799437
24295356 31738878 146444602
6144444 21207127 56364249
5986691 588540800 4530615
10808077 114498008 222655938
27552018 407266032 33333285
7302320 362134136 255767766
27067239 150330236 139040448
9282826 267737784 34211673
18499377 221206282 81321679
2003539 296058165 109518730
27207413 55559258 30529020
12818494 13154433 22739499
5232212 311730804 235540566
24629014 65498993 18480858
28008159 311769139 187353749
6740922 344728446 83645572
23276697 485036780 1237060
1070962 576643563 181664139
2773029 112712991 122662695
19016629 1237297 12880565
19983697 348868341 53850295
2346078 96917775 247956449
23426742 354772301 222991703
25166438 513123826 212350583
14234171 56619727 252045742
9009925 202245440 234046747
13125056 355839020 278985598
374781 156561459 205973353
14315065 495902238 97413218
1307357 80461462 110094127
23536021 84285949 238204276
3558753 116448118 72983321
5233967 69620225 163067313
6302914 555458339 21889579
9560665 99196835 7895191
12171320 66154391 5336712
17590801 175790120 128598436
6453341 287505198 261640230
1571404 25622703 271022824
25271981 466697 237308344
6066705 301976353 99773522
25916526 206472885 274204449
8113010 160180564 62795775
22263826 564578779 145302560
26991185 109419864 27651834
3114327 326760483 18285367
10481788 73735056 167005067
8862993 321081146 54965682
8930390 184908434 199746188
1545276 10386270 193931092
12112666 433316680 197926845
2056747 85567996 163281700
7705115 394448074 206744623
16114921 17392130 87752530
23785404 242157094 161750890
9713972 597167154 233257653
394191 100621857 208903313
24373157 175908549 262551089
19928119 335071842 120859025
974080 277904034 66633375
15052297 244787369 271643034
27345940 219357580 74975029
27746504 480707712 273568729
11937818 93116680 41478418
9452987 319586914 18729060
12414084 330786409 253563848
5022965 48875708 242254105
1799340 118044805 122147613
6616476 77159410 139547341
3312351 210074038 251224192
7458025 283296443 228071714
10493281 451351985 87553594
20028087 28800627 11833864
4817209 352636688 111415755
6818900 468469134 29201686
16334853 118011691 131067262
24585502 97131504 110599105
24462499 126810082 263803315
20537604 49125902 21380881
18847098 87144193 28154171
15756612 130865955 18917766
11090412 266038369 225464403
17198569 250797057 53737744
2811823 387634530 200627068
8487312 384324307 109283832
22059382 134244662 228187690
15634802 102202755 152785491
18233041 388475568 29117461
21818025 342528221 13169061
14192396 484386710 120462449
20671083 156890875 156483868
22000734 253304751 123878153
14436389 243402123 13599888
27207528 550212143 203436578
1368166 49603197 18810005
20781397 186943387 41462907
17855390 349785722 21870621
26097462 290234251 175210670
4602907 39762784 3763080
15290393 189554083 244207383
1153947 435925756 82443884
13881111 600462137 84995756
26255826 115333127 62148666
18377787 48445682 182808320
16421800 328745398 149946714
10338017 128348267 55274749
10802661 162505979 73323422
15256462 122144352 29290788
20084469 351120640 126534233
9750436 336522299 167352998
20191592 4053254 112563177
17381403 289453829 54042966
11559067 3775055 166390037
18205021 519431867 115363129
2753037 135467097 7832974
11453147 76050576 281794026
14541698 294817955 47662568
5770513 405187220 163495062
25143855 156975167 167779668
3877044 493823503 85319072
9546071 455803916 40230363
19933083 110235788 146967911
18012712 157371704 246376024
24981215 484808779 46174935
8478970 134951954 83309223
3579115 591244433 183350277
5088440 285967236 18933078
27394963 117909941 19505559
9821613 246938727 65845003
11546764 536533407 233120890
14702057 234137080 78845159
22867602 33498487 77338592
21520384 57551842 49683794
16554908 510634946 23866913
10537777 302297132 163054981
15329877 145790877 28411706
16764533 585240504 223580530
24255341 48247998 282300335
210596 151550503 193681773
4569339 111026175 124183753
9995500 96596689 146448147
9622165 66696891 115183012
19205108 199906797 165179686
558807 146428958 158770900
18434598 309152681 162233889
22930244 15117884 101189042
6390588 30694799 69478122
8169601 172672985 7968248
20949447 54129751 61675147
4692961 215563054 142885763
9566085 393074422 12645347
4027661 597971848 290847635
18685563 249095462 228784734
21079457 142217822 105618437
17190269 382905821 198643391
295 789230307 734749071 689627819
609242539 602575006 359306240
557735351 357176031 486591293
522116869 600018835 11936917
576817617 97740484 106346055
468016042 713018933 267850274
266375734 60839573 535508861
9726211 524922034 147635203
171997423 512950428 114688160
298107415 64508613 131076606
108070255 565610423 200923333
284917534 720461128 26542104
774779886 384708594 620727482
91216042 442662635 593384878
105571072 511497876 367746185
252178423 642753953 440337264
152293214 378822704 480822014
194608831 173011430 110229166
701442135 452740915 199390687
148308784 75187220 597053745
60216011 438232299 605027552
179261880 200111348 36466465
528070629 411117251 148948980
25068726 423266264 680615559
65806812 60994273 91402067
559996425 439090174 552136929
121071744 360335353 252376525
412036044 132998632 191591147
57942471 294252129 47714484
742196218 359330503 61142160
182621549 566225674 365218436
534254687 176661726 641584103
404891495 635679122 334881051
396679638 470669701 112558400
404942020 337385956 45138234
392835408 607236802 296996045
676796648 700384777 526471435
405327133 367529206 546228111
532276879 147914181 104226082
739340756 346969974 416606788
140630350 516828404 531845116
526470526 610038001 467583670
246830204 536832624 484504124
224597679 536939527 133739198
550327719 145888798 294914315
654409964 257025014 57561965
745337374 613115061 308647296
289130021 240052016 329109440
782719942 689243672 108996989
530618267 601627478 27778454
537557748 269350901 85048425
543006607 506544099 378888788
327391289 464823768 161620640
213058060 598840295 221195779
765039731 625429752 433601002
183548038 370591697 349468782
575819564 90615119 609420732
211763835 586904925 364515445
209245451 532112472 402766171
238844614 201756679 47808534
359130154 1935260 38091946
499265418 109819151 352373459
186321255 470158653 674499033
344569386 92243242 263034810
368227839 435388118 47517719
371880817 288712672 56085515
121985374 683329234 50475066
316449499 571767375 473162503
732018115 359896071 415519167
619313993 635012041 67707147
209461754 285267469 617206754
74933122 150111966 406738540
246738107 723724222 492643968
344744645 64902068 301423850
538498712 639029550 603911397
141886544 567562262 664788663
167418735 190366999 515729366
251999798 375386261 223993391
539864381 647493821 85214020
425935859 406220885 21293985
469242188 258736055 129512632
344905267 616992375 6374912
190738669 551724912 213229660
206183045 692548827 513790071
54242671 710770593 238039493
389499525 375626043 313193724
786275506 318065704 160883348
706293298 381858870 48656638
608131468 578172027 52338498
212126725 656263984 77199927
88083070 61158830 148438138
782024086 466159186 27450221
252374510 378169939 118780856
401060424 349346934 667688490
301917550 502373688 592561681
329535082 723079791 399110386
283861575 474858692 211159567
342891379 451329606 584430032
494352673 558427098 498092299
178558015 164450900 114805805
311602516 390871379 429812102
322504074 77229884 232892975
544059645 612366819 56656103
94620387 734210953 442434603
620739594 560050161 66662957
445140674 646281770 292443286
109734087 290316135 674494611
86529599 43806798 442174268
393025351 595344784 479304956
467218789 611207414 666117100
230392617 148231537 660471489
623119315 488580786 496453415
129330197 664421144 425262458
193099118 421618768 554286145
708672597 716014711 329101192
496864614 652382085 430850254
554367521 645412415 506541102
21877493 62586638 394849039
135873971 33261490 680097404
699852581 241659672 682514021
513745207 483949462 45802429
671311346 528679583 334107664
283266211 561931577 164994783
298474332 523580762 330530769
259446021 292019191 276765117
747236285 315857533 37964941
274103422 503773933 168683013
9530179 434476229 107936378
68517599 524034795 622346412
741538481 42162979 170605965
300048971 218717865 267364594
124463529 209442919 381425394
377893857 418144543 16607001
179047499 479259405 115719588
489936676 178645057 512355915
361933203 602888640 438919537
736105949 344645405 337757517
102062085 518028642 126074759
583120266 64914453 509578545
743596614 273465958 44745129
44651381 158515318 597582721
397269096 375021143 115829650
339496255 314758635 541987525
127708328 232252997 119061536
34251583 405989014 547643420
128032092 56739144 132037134
8256674 183482863 216982771
218463552 519882094 444043456
532674861 485033183 518842319
462770308 272765821 601254671
403730016 29336622 36016385
306000468 313813341 248006577
586275080 135531247 290168103
488951011 701756109 434717833
563235331 188275335 410498689
561025513 142385244 289406753
430612251 545463096 404625079
663998046 20614362 366546608
776493947 540895339 175516463
620899197 417028630 381771805
179364434 511001850 138382200
486620734 604213986 342507242
326564029 271402370 618426012
486907239 389787156 76773136
257431132 52769049 185681754
275764348 88952034 368200320
653144120 456821376 60222010
319069061 179574827 545424995
708438456 663056448 7432628
182391231 577520572 530380367
319984507 267822485 166764477
344388798 674082515 638947055
391952039 380121778 21456405
78601941 212912641 360833026
26832048 672633565 244240788
324427386 455347698 500729847
383620204 24094457 56378947
189706671 64772401 269594228
301469861 477295978 372436076
223792595 303512391 376487515
202362238 166005917 126021207
619533301 25954303 688849830
47296561 196884496 179483895
582304572 709945419 633497595
539163566 663094723 650720553
131614368 134509760 173467232
391980940 221798283 146190839
729913940 89514269 55531967
197669033 331486651 369394680
41146477 59087799 261548254
547973837 651634246 57194244
365502353 369364105 295500461
557577858 270392597 58812368
616974550 705448257 418661734
318369420 627624917 52289149
502898814 402701005 431023160
560172750 520351731 643963974
353936365 666066595 645659595
365928068 437842567 497252769
495451760 438178555 55903697
150115394 283423963 594838517
730842395 661671925 567112912
566831326 349171149 550381461
76181052 327220511 303568060
69014183 545455230 272421217
570033750 219952407 231103337
530384837 560618992 61804749
728567829 352997738 439353374
190412086 357828531 26112739
606404346 145705489 386627684
334975393 551339018 41522105
167889262 508596506 513954885
493068689 453344480 295717226
658522185 651646657 265785921
114252448 655764047 186093166
142403817 671434985 549439113
665265126 163622753 56307295
343704847 181604028 290467850
662808513 90235125 665312515
565583944 271959309 492299150
239097194 151901445 417741035
482077930 415251609 18961135
668480150 511439946 290782722
81434309 571881383 577287578
746700568 579982007 53749747
308668551 471845505 546943405
458551562 557293451 4011984
68174918 59579328 139779797
353713396 213577100 455500938
430557679 40989262 667963216
18759064 281461238 26612375
230132777 76067951 367114133
366698694 504851867 61871203
156256442 507489112 668146969
170381781 598157240 168136448
386296352 639706377 552296732
53886044 11924704 219914560
706428468 506177413 658448127
186982226 16244475 290451350
385493013 22889686 307362983
362237133 268606015 96499752
521161573 254729997 268354930
341913771 143760754 681949253
33415860 301674807 39573876
756439896 647392761 534182247
546414523 123361143 319366421
56837548 225728551 112801649
198260669 594475040 558426811
2908741 82368336 134320078
512221143 316778277 126372267
77347780 21766148 268823049
225166290 90915440 465282438
41010393 506706694 195911297
588721022 442289148 630201772
44379728 565796146 2668737
783592281 318259716 505931376
511630846 42371558 632043524
328423460 632652589 446358667
490185 648604707 679339799
98944962 80867679 682581643
292014821 158197275 443867361
326040917 69393574 628237547
33135165 291719006 216150935
664670355 169975720 274507171
57902128 616224134 669078126
787951951 576789408 565419120
200275826 516198157 676702022
679264277 636887016 57785086
347595919 476356217 299886297
44857364 150939845 667771002
477674586 248128539 90133921
721103073 181644243 69695308
201206828 396414171 556092606
32142026 367183239 148907598
504095559 363605857 488866706
715788588 55391216 410103536
362139983 370571842 144203835
483053916 51496905 279594016
258671237 567844155 339369011
58384639 548569693 309365321
445023854 508340376 632583307
205110679 436461677 221326837
31017583 61273490 6645301
256480065 513306085 339392237
448744021 78175877 410183978
172156104 619700578 425986146
260451759 428306351 179639707
411554094 532113101 620376002
258904157 452831036 463236734
55089658 326413343 666176738
58194376 233052170 104670484
223981656 186110130 172968700
566600163 80996397 570023384
91010349 455112138 147012402
294768059 599962683 93294338
151140417 9085047 635105642
178 345528803 506793727 762008881
256143888 319251253 618209886
36595404 371855065 729241293
323692413 215513713 96087589
292549667 158339511 479939550
142374865 477314976 619354400
126939244 3008177 542857879
265236682 163690541 220387586
82860580 54794156 555497624
100549844 378425258 108774479
154860409 109005832 396060947
344232023 186682349 96648182
269765086 483580070 66641476
167703830 472657092 405718185
299410461 130639379 304306540
284851058 123613789 198239387
207487462 235124833 373140945
36538963 436838632 462307812
66015829 412888697 277234749
46585144 138605119 278486919
126177605 473578792 102335675
77432366 30735698 555385539
36863020 67899350 247126620
134344127 289394250 560724982
91776088 80658743 569329150
311415574 37110752 326702155
187256532 23161500 719367001
68236391 92739233 218610388
278264852 84794931 604738475
237441827 153393342 478090321
327419467 72307607 698808942
293805945 424802629 36668209
29075997 67681547 258029814
246526193 362993767 597243335
277101414 365072627 414879316
89727153 3980162 461183091
326503867 222964051 759850023
133910678 460455302 726654886
59783598 147137002 415889230
47161513 101824927 450530509
131390391 38043567 71552842
90238124 1935171 450757706
164130817 43775990 541647775
37910939 380146486 358157183
243577090 69251594 598852763
100528005 11360379 569854151
181473063 470749586 558536354
160256094 479661714 20799554
303621246 420877929 507668564
179961764 333340524 431360726
49223633 400171027 517694072
227731954 168315003 10860049
244877436 449347152 239606046
181431388 397353103 262909030
319773043 407844647 639206592
231707297 409911747 397768861
184636910 78659649 568252151
244899101 426918595 477978344
83697934 109404759 519799487
53438160 366732353 392573175
216514229 103778137 581020609
96008007 339544219 93629773
313604116 312714147 270735341
150851020 188560711 216049298
183698162 347128608 100894836
10950078 488263497 86146619
27333737 223186319 200541005
54225677 210818157 496196228
292410039 465905895 131551224
184145790 414390815 515537092
300741228 394951830 83470739
332825029 102206113 553266084
231347228 173597345 605775908
148180279 398539699 255226100
205466291 118248461 217501671
280353450 201054311 366002559
157090755 460123395 205303724
316991095 269199185 306107145
155490359 345659041 548220146
194544977 113455124 636799413
49060469 312134247 361188787
1666793 96519346 227045658
297756113 123058439 216449018
113812458 451673195 678705101
328851272 394058998 110028844
18297188 310418874 210211068
317435646 164487932 113770356
186853050 311342515 78044359
17027149 53191271 9062272
94410455 272946197 520239595
224343013 58562698 92305881
210674421 111270377 424978583
84417753 456363391 49951140
118847891 196454006 358087716
276310568 78484108 666020506
85272963 184027738 577724080
343970061 78854309 306977970
104589408 178952750 558314371
196976439 176847665 161338207
286600382 86816859 366103821
220725283 11985558 339852981
40544400 170637780 395067442
135205058 233452959 191242038
187264736 161029322 590436440
35779243 46349553 222415903
158574850 140298023 51828155
144641897 44891281 97550591
311685864 284924294 596118941
15706673 228133548 220222460
146129151 405228076 374179616
313613284 466817529 421015139
298968196 153580337 87956873
131340963 341186558 541142816
304678552 504373774 268615830
270083207 14824018 39150668
184206682 303889660 757386248
218491152 490582633 409142919
222385133 498574018 52329932
333602151 278343267 133879616
153516747 401037928 678745923
160210082 92907048 268127561
308151909 392182259 17888683
263528489 384982461 31993616
336567815 223323701 223476830
118648157 120887702 240077452
116106939 360326522 103987520
104553735 86223978 376979014
210936992 109075559 667343535
337377155 313947151 142429372
131540428 412248585 117713992
333560804 90268383 393809220
206943680 312801007 206573599
184943750 433975314 345188107
186580587 27040974 111719149
71955353 320341416 236692489
6826920 296392713 72308844
256990659 145614775 740217219
23118944 252120719 407688702
5369628 53058234 682601941
287634504 287419331 203965133
59497063 253413017 29072445
287041896 51287456 223898272
157683413 190285087 518290020
15619496 17087417 187451314
228189199 276901390 284615487
67975852 8827554 188311629
328004554 61758908 747348449
53514234 245168405 286306735
229964774 54185745 166733081
236555858 175039567 599431866
296359238 388325140 377824747
247522538 315213606 576367972
155767540 202495893 348918843
102827035 503262476 156357480
145534061 7139712 638657647
104731011 291115597 50065226
234336449 7723357 334010006
94532669 59221315 285686957
23395495 98318743 266163371
109954781 40238878 599516234
168538064 88344867 277547319
313924234 143832371 709530835
18667139 85751196 258824035
200888917 495751741 624986314
293237374 85866886 194335632
132483825 221948981 256005436
237014696 430657826 422742113
114185700 282300548 71925132
250394016 317883052 344590307
203887543 367638849 595665918
208144338 417580015 290736903
198757384 44402416 332554516
291018765 198239749 306299259
18430436 402467975 467793462
177699252 455230065 329510687
163784549 159690122 319330585
81962633 502161377 215547335
337140609 126475290 284837579
271077237 48461197 591052572
