5
182 416571014 512326272 405695875
229811644 145889105 56546202
116712187 416814120 86170701
280660367 61918672 326176565
187156944 93719784 223279414
170020955 266125878 93878186
73571337 75206559 59148246
213029841 24971866 389677981
302662211 65508559 195790167
260635417 145173523 242511228
85642970 75027028 258891966
102228706 170960948 265762384
172377222 188513545 403058809
66242277 326949174 148798086
110933441 442520485 300209153
196409720 375832213 379056132
380175574 236551174 317638140
169847632 111041083 292800988
364844877 271581141 319699140
179344380 296768569 373452258
180779805 189148402 335682173
224145022 6741644 154102326
132497994 51404972 380021434
234112812 31697320 271691783
333809211 493652094 270006941
80536242 145612218 25740311
116868768 290549733 149778287
326239405 67602772 33472900
61710766 450568933 279004928
299285547 75015936 219918757
355175606 42359407 228228485
137178819 191643405 249920676
185596766 55776421 320029099
303697743 191714372 28741897
4638284 133901624 179961546
393561712 342077630 337537550
362974061 16378790 322570657
363148337 285591991 171174851
328800362 61805990 391188782
282677659 119116430 129367325
43442563 507076245 256479828
70456405 286854925 258545210
153601427 205711754 67765274
31714832 357125633 182328716
332953423 118122551 199416273
388493929 456723410 302009720
123776331 421827330 66628791
157951416 399677826 314602800
277924766 304609937 166804961
168495030 389741779 11793587
206567037 315819816 404072128
333796548 378986806 116905383
362417861 282912522 164875171
216761105 361172010 281702001
115263857 111266864 128610052
113062229 324343233 33983138
47346244 154720974 239567591
127472578 267608090 47003256
249708490 155202114 289298893
196921923 394459834 187324124
392334332 65507337 253081264
181658235 18697636 235013858
92317639 74729801 222306786
228573516 397326954 52523673
126410060 200242071 283766391
181736335 110381898 356992803
32126283 415716712 227616302
292479145 8793891 147237735
137117539 186396601 113715375
200670561 96157199 386724026
135459312 332024576 285296119
180855276 432920149 197260582
307230486 47438270 95028921
174416564 5884852 122442996
193512126 43407580 259307045
72860390 400767799 384272245
270549138 286010448 97788994
4886155 4935839 126954589
294777904 87492511 312884147
266366020 433108442 66950545
56608439 82812264 178471735
20978071 292993048 154138359
321533611 434217953 198540849
79849585 367021992 154176804
257949484 99870985 51982906
44244693 78887117 305202504
10010939 237784229 161077986
70790729 73825059 56901988
135156139 43906337 51981356
18193843 328915155 306635866
208214056 178108879 141954469
244403760 168265634 251401629
139312101 148963199 252857316
26168579 93485890 189702842
132408593 85821181 287578283
93687669 405011491 29651588
384842178 334083960 279378815
140753415 140353067 235164891
213253723 5132424 213837447
99513236 141573129 48856442
58555164 491019687 382528113
123923067 326337504 3349233
39396389 197820375 314890228
250609740 171997194 243833890
300802934 418406700 152462975
350634034 411082070 384370466
313849638 40557615 88110650
133144705 85147179 24911528
409922716 345420095 15830268
311309042 388561724 247732991
70976084 16967159 404266227
257605961 256354175 69639843
158483338 139268267 43575705
185179960 5311998 14816428
304990224 439555651 268063871
409971276 136915471 224476569
312307184 496808220 222246379
234496458 451349220 102690780
368253857 96575804 176584037
272318471 56580874 66347787
393481068 11363272 45076171
343437500 328507389 84388701
184149734 480627205 404029512
304112350 205186590 306585173
253987410 81269518 355418568
388112121 482110489 375171686
81951190 304306331 359083019
92919001 370910297 269017779
342401456 509799994 6976662
312903348 291478217 316727471
166611178 13554711 291540194
168316998 155479209 245771389
358935694 350678247 264932154
271365999 105438849 289259527
221860475 265049055 56595735
350445309 411367604 146602144
192157837 293738061 237540864
7439227 477070275 268723992
262840769 190959510 157057361
235901916 36397190 211207809
102573352 33284795 260392789
389899131 37418370 341760928
354914970 371015580 366342172
130672935 467078767 250869377
141474130 491339293 381332804
406067246 69190162 131541116
47959573 139738179 15393816
228286919 387784741 143502376
73701931 122616270 157727986
83115142 441366631 17666979
259831405 29388799 274535017
335419015 242845342 393495887
256906634 264886483 66052709
22230644 480605402 37586491
62786985 334076752 10783924
459158 151836880 158706808
187449348 102698493 140644572
331580056 145970839 16328392
93344522 153649594 154524073
192032426 333439031 30025312
370149619 356847446 137882192
81383583 379156226 341547017
133743154 430480219 208617184
285969736 224984578 43954169
250152581 53791119 165329896
249110734 333825791 87849691
312165986 173048940 334963861
203235092 150395023 289507292
361071436 349326455 356292377
18668127 124486692 381672641
68661450 183800492 241976102
98285890 476011881 143690336
105540862 3825630 389328874
191108889 454392614 41272834
305278151 471434368 113144762
244662177 118401524 109623064
287255402 358302958 236581293
162028001 195331605 366168188
310562308 210778996 403193278
90984208 163210386 334627602
96410415 142505717 96156498
338234180 214521510 362658598
58133138 450967671 54618427
183 129953064 130260843 8135202
82348378 7616828 643099
59295025 9047408 3120144
39122254 7095721 525742
82603928 7812832 4404804
97671549 106686289 4270556
65466938 76803806 7004502
41454055 21791662 4078714
115489924 104802339 2833072
748989 94189188 8061749
23094939 113521523 4752838
122608083 64969951 3628892
14004995 3625012 1208133
23574725 108477639 343893
6432988 93793169 2071013
59128574 10142059 8094499
74659095 13689214 4845316
80501368 71811172 2639294
63066218 9065493 2002659
8923357 105115303 1799496
56150201 126450435 6100218
36778390 113203082 7698672
47361883 9399336 4714588
90460160 75798305 2686301
78698180 91091260 4902875
7043536 8688117 3869385
64886856 85788804 4958595
99385207 15864078 1347994
15983311 65808065 7207187
52702302 29359150 4864474
29627919 968693 5771818
78472794 76919068 3565905
20618217 71143668 8010163
50243359 88379749 1535801
54452391 92830647 5832528
40478229 86540554 807821
42966280 58870450 7814743
57626489 13259020 2070687
69166618 43374678 6099525
33745121 25230121 3988940
125323795 89674352 5849246
63150974 522252 3884890
60767919 99385139 7305582
25167812 71499504 1053146
28235603 92272119 5223776
30240916 87133573 7169705
17193998 111486845 4954004
28755400 108271255 4153179
102855733 102279957 5638002
59308906 112017308 20982
10799965 84281857 3326898
77005147 7531280 7031901
58501992 86318971 6440771
4714733 44329144 4222853
126337331 74548765 7715482
16519900 40400172 2216648
27740049 92808107 2641798
22626630 51021690 3786671
90635749 97974759 5704660
54401526 19574874 4829219
120499862 33857476 6597644
77454819 84439484 4763312
83943082 65085610 5035547
55636397 13712033 6219436
115206076 20002856 6420128
67949494 19954948 1533375
38932762 75049779 1027232
15570913 31144896 3974458
22343992 116869938 2606018
86680955 71366573 2223259
26996393 88418710 4117410
33690299 78888797 5949560
110745199 77625889 4319770
115715132 116050109 7579713
13812814 93554209 5257118
117738049 15999462 2149200
84896978 22575349 5468812
88744002 124687046 393849
96384593 81981334 7380089
18044859 94018875 5943384
23942404 106162949 4245971
90655877 45315466 4488878
66074451 3814802 3848599
124847849 96215853 4773092
18468911 64129972 4904577
79499887 29023458 6057377
117645976 94851184 6933630
59913178 51675561 2770672
12920929 5868536 3599550
16765876 73055288 2445940
14391378 122248702 1939417
80980476 55405754 7252555
106188331 18090811 3824977
927622 37181277 7691426
68221671 105945909 1218865
6615181 33476079 2302802
7573144 59269469 7280065
39252296 45261580 6307263
115272380 92237022 7588804
5365257 109922904 699349
3380676 9445098 584963
101252637 34212540 290189
116474433 55879039 2702481
86295982 43542691 6381885
40850903 37731120 4695413
63812323 54732875 5057577
73228783 117748501 2863369
115910824 85113483 5446130
82472435 75554471 6327517
114478347 22575190 5442337
75889259 126061799 7249528
118013741 27014406 707024
28278231 94190571 6900224
104246680 118161367 2187569
119669626 70396615 8121957
62765487 31211928 6096279
128862392 84636230 3918689
125157274 89710155 1112354
97903207 96078366 5233169
115924519 54830886 4548695
102126681 82818302 240133
29900150 20815712 7505332
61622540 81969390 2285488
53703493 67373670 5064765
39454974 1393783 7164736
35924060 72333957 858156
67103190 50803094 2675716
104785822 68610225 838113
20332453 84318786 1244284
91401870 89268524 1768283
20078636 46332241 1011551
96302915 11810812 7778886
8531942 99315182 2394331
23657647 69228002 3733765
100277934 50683337 8050960
81221535 72405147 5345710
36927257 13869700 600297
35263754 102687749 3681342
128377668 6787984 942694
67331260 43067366 2878412
7815785 39816273 5750165
53901709 78874718 3211867
113051885 124373937 5903542
76870519 89684912 900156
118924879 114671883 929176
40918074 124520149 3823777
91490910 89550760 6567568
7403302 3522837 5562525
94001857 55894393 7759179
23949440 26970190 1937690
6125486 2173019 3910488
94603183 13124356 6864758
34639343 85125427 5454726
73590315 12289242 6929049
52025301 102968728 3628642
11655370 80025990 2301700
27598970 129782717 5333329
124711853 88157929 943013
61229880 122312880 1243035
43928341 90430439 4632491
85078613 83073572 7796527
7426380 67798222 61355
40208348 39004017 5601570
18544277 28097068 4513109
91224239 32805788 5977527
54941535 114789020 1544891
9397400 70617144 234105
59768051 20531405 4908513
65210775 66473171 7908187
123391987 31361170 7957639
128381325 5008248 5220356
968348 70342138 3056602
43310735 56894879 6089088
59738994 116322265 8108645
270697 124594820 512812
64473811 44026479 6496081
111112696 72252325 7170826
122508886 24105411 6734057
81746939 52430707 379495
110364038 114004739 6038480
46158885 29790674 6603206
103429810 55544635 1342865
123534565 19580253 7166608
59501862 35063118 1226650
168 514773493 733949929 143350107
86784694 35422027 54970443
499202898 57464033 64665266
464783684 660369096 38517677
369307182 570601203 133211183
172828715 507271631 60856714
425155835 182058541 44073141
458568934 22230831 35093354
505883931 89936126 11897644
510106941 51654810 132957290
302097832 145937163 36882782
73784837 269724405 127117440
128328092 175676903 82403639
374717458 627212972 141812945
388509019 80227911 54685311
235404465 216981728 81979005
32667082 452816524 75983443
359439129 487992163 141544763
338592611 573915510 2194110
369167965 525714766 80230956
306219014 104666439 116704481
34011310 397420262 51433923
204483036 38584117 6864340
139958127 634180183 115604521
5708163 473314408 126435669
23476097 332687336 142605135
406184884 578398558 43504094
322673994 372074765 128760634
2212774 535403778 128774924
272869653 508704891 17625110
165348737 438433612 4582821
35881921 117940633 100795844
314298987 520218994 54587773
450681887 288184999 73562895
66186167 167345799 11570008
328042969 414124416 51192872
184173527 53482332 82571816
96766725 565759455 75630919
38875801 723524895 4021303
26526884 481173829 92394958
102006146 725328710 48930722
125838844 381625796 8509540
64950701 557272190 21421450
413021521 158505713 122328556
97511780 523429975 111442172
121502118 95199000 118285314
127090699 267149328 81403497
272470759 419927356 68366830
76574161 398668638 51791327
48714383 310814838 101623221
450633480 622075391 44223293
273570995 145207932 108172684
138696310 315158440 90098037
20394222 168305634 110448533
13978067 613103810 12767037
443464320 68654486 87836664
344833949 152300678 124009344
459713134 18531303 54490035
28949892 495563887 60886309
509266981 700765742 109388198
210940299 364587184 49527270
400573183 245219512 16840585
247546114 418180041 65238013
59701356 378360302 99826062
369990487 637906314 49586019
461434550 353498815 24648334
225040243 532644928 17946324
180040893 729313116 79255065
85226016 288108434 76885903
171328912 335936445 126294253
148035789 517475762 113383006
103993069 25872096 21179358
447744986 319813773 85873806
9578680 100567411 87167696
472555025 276794816 51502011
68450219 391595941 6556010
133010724 660328724 76736008
446267110 664455711 82441264
432870078 159287998 18928469
153822548 404820231 139387729
401140587 284711041 35171458
23416533 11178977 34547730
158963748 500105839 11851044
140192760 16622843 63881278
322558623 433067980 18718971
281017140 591065386 47301023
448279778 304611417 130430507
431806570 612245059 118386067
25285044 670888507 43822630
364886065 106365606 104254425
502655597 104917657 43958113
421936138 342202131 127318166
206024817 354476602 122572044
218217210 261062482 1665147
229740148 653553218 97101943
316527058 726236363 48457071
77896410 412921182 140500783
265174986 353888459 130944101
31601908 704790141 28668278
259228069 281402903 46858821
266300257 525465227 101534291
265327216 617484387 112968371
354847268 528911733 44902164
299197841 531845430 39085748
268442492 115870768 86389597
471350599 95309786 55794062
206962565 82804903 52922673
442070860 498441505 113232931
506339894 483821502 68078910
209694680 317805227 130552973
19239077 401569459 64060449
110509524 26265284 43689026
104436112 202611032 75310546
361688240 368045023 40018767
343096541 16438674 116719333
444547610 268606516 13047426
346221456 263327622 133918016
197216050 308918294 8612597
14960173 446090983 139698612
301636888 722719066 141767703
41418744 606178851 82836504
441814232 159828986 94096834
422734547 610093435 33213177
321904608 178456110 118527924
334521057 449267224 122390138
205987378 552273153 41169038
348348415 237855465 22915526
328363844 364636406 16700782
470212122 381363565 39510524
480913139 258246848 130982971
229553767 402481327 70740182
324825241 20861095 142522077
350054173 668809743 102862983
386687699 361107553 59139829
413290127 377999461 63545860
362024898 170304982 134190673
101987785 416735383 123941659
321193476 524862574 136763127
429593435 336824025 91127770
237169688 381280578 91454992
88905654 495624571 13663427
446220672 470472139 31111141
501145418 493142968 31339862
314224617 97316228 68620860
22136664 122707199 38825132
374640259 422830080 35725645
364895684 495381261 78737402
489572056 493726800 109836800
249643773 579846573 120883533
198944676 204097329 79345024
257341834 378189051 85844687
417756310 279209497 135530364
113790966 397269102 88421771
266360665 127208765 104666928
449416671 232469280 121667726
111167375 252264911 30560779
164515780 378210141 26227861
62721893 18435045 10765048
449596471 372934304 36385520
275752142 149073527 66112104
382296130 246035157 44071697
93536668 285715648 26432345
71613001 181814857 33637261
21063117 352572647 48354850
155029389 533810271 119957288
46737660 447752923 27260539
76620691 446748419 21756908
123386679 290710951 87277526
302950511 591994428 135585946
105 704516025 723469458 91733064
657309874 27685886 16044520
90356519 627606946 72593944
647184409 76223167 37111719
536484382 109702446 82638358
494011698 258814795 53327752
458323207 290828802 58822844
310629197 64701281 29234203
416634626 9988932 36878696
395373244 221826 44839141
17563168 130893365 75916645
547849931 303911981 55310627
596428806 301280863 68046237
351620326 84353080 63203678
50758742 551152129 16049018
411001666 549580138 7531493
644959004 328530172 82767405
700276134 607112314 56346091
216803379 235169819 75568079
615601053 531214450 69804261
515527940 82099860 22443208
258923385 499448684 33261426
113467443 81819159 11189915
152592126 520370358 26916620
255374689 562059745 70376623
433809767 610302946 17779040
153482922 459593201 13590381
681843567 624623336 90672242
363682223 244648410 54380682
568092847 500715509 42939884
456292 502962439 83768463
541032769 544520344 88466239
227824030 75112803 13301146
386942012 606445727 72674037
33988781 18775359 6702037
135111300 201917957 84097949
612072851 237723438 89158536
199224909 446023084 32565864
305982435 722922555 9712720
205808346 718522 78073417
647247374 433931191 43578991
607309105 630356161 57124994
694228014 611560341 87501455
239695418 158099096 47498015
422013287 214831185 37406470
133128682 516326125 50625806
524572531 222146010 88864946
26972874 66576960 75380963
405880941 85428868 23200678
376123589 317303555 8644166
647357526 137772208 91446264
103759122 399372632 40560583
248179365 13858817 11395033
638615317 84348307 27572731
594417287 553947307 72308822
669767120 242710883 1390390
461452683 223782292 39501365
549078366 198852014 70829376
647905397 32436059 28374936
626620527 627922943 79524525
377687485 108430405 86548677
211614201 366939969 83296488
248920246 156963325 10748449
101940570 323737609 61314982
334844621 178906360 58709758
90328641 583058783 89546694
280545474 677690089 20439796
404708661 433741189 44385903
360870456 231920675 24482486
331928998 568154480 91076260
278349579 153979515 32431036
74706709 617196743 54030209
626739741 207521646 27645596
376091720 205678655 4059768
390440575 424718793 36666617
259504327 525939449 78251329
698966044 639285577 17002644
532104824 240384596 16855747
481994388 571345826 17365207
183250224 394948164 21822665
292261809 601656333 43287722
142570214 161839263 57488537
422036381 602972043 15885674
24274394 658374953 51484097
463401245 461537046 90555260
25388525 355693922 73117595
564001661 35631728 36841569
313987347 94534086 32862283
179017886 705023172 29531447
303535852 405391367 35097991
618284009 102501972 57220584
288977395 659065634 35548578
524671881 444982544 46422652
123377184 555125869 70810113
241013328 556828648 14692743
586404903 480734449 44789947
682930488 288621218 27630014
287102330 509108118 19781168
588917157 31061835 81395890
431375723 503514731 65913107
306120204 591450416 12361171
51070131 641704992 14243184
336232375 304565104 19731461
619916066 39193943 52646150
60563680 687049007 76751996
395376582 56323592 18433142
217 75360212 711198195 7045935
47347764 117196859 4330819
55561567 438811861 3861203
41206758 420792719 6069607
21216915 331487642 5791021
58359474 11384193 6444360
53233316 22363298 3679023
41669641 389450073 2185772
7111906 169141161 2660333
22772527 672995179 6484269
17591301 431732135 5615072
70052045 226917003 2380534
26194784 645078755 807064
56980872 670750879 5764169
21256681 609437444 37479
39085533 310428920 2327714
11463297 657075180 5160833
33684576 603395087 623182
73889490 674854006 3641342
15692705 343886508 4700613
25268986 553845944 3598090
4036395 213833992 3532323
72860935 474179366 2349554
27949710 443898459 1998430
28079733 583290122 984229
31355271 75612015 2241245
40469372 314840356 5065496
65725492 337744868 2290889
53577268 105771399 4656043
10289706 568673198 143635
39493028 521547764 3959650
33644507 366224050 5317385
63975183 333634716 151905
13099181 463148420 4358907
51795567 548171944 3656498
65450865 351746070 4690820
57993229 290396601 4703328
65739320 133883418 1727361
31877638 231240013 6921585
75011145 105536837 5043053
59217034 658997121 6077473
74208805 162878430 2528972
20571915 100911363 6620975
33265788 308106426 3357192
39817008 317035106 186435
48663263 463133471 1352498
28396403 335649163 4531602
30254648 193595882 2500044
2591488 563630669 5449848
48917892 232546579 2557068
48348626 470013512 3949705
66097334 65111552 4851196
39770890 57929395 5996278
9257099 186306142 436590
66313060 670797495 7033315
52616130 293116500 4007191
73718675 11210296 427628
56137790 258510879 3106631
70616196 562878930 6560519
69397323 370790465 271863
1826527 633651425 6459401
63970543 128170722 2354230
32437959 461012729 140226
44199775 459768265 1007674
36754454 316578390 5169596
67257048 376521962 5612261
53401123 695211900 5798955
9442887 462174919 1382618
59831537 351109556 1835466
39534119 696164686 3162941
20385049 6176205 3926494
13210122 361559778 3150522
69332435 280234655 5526489
54256090 536244552 5640729
26662166 24023893 351599
42306802 695486662 4643585
24161295 391698838 3257136
19312477 340654201 3248302
213349 350549697 5067708
38357917 462300878 1781737
6672637 135194894 2379929
61052807 643244748 2383453
27635328 429163520 1473164
20035665 584489076 4416711
52587088 241276252 4415262
4294400 93817636 163666
68033996 575685881 20069
32299852 253472444 2528711
34729352 640427428 2015472
14322708 458527114 2822942
11746265 380852102 3053211
44516589 214547514 5628440
73708092 518639245 6823906
8384 140893082 4524829
61980590 433149557 1574394
18197752 94146240 2051110
33039312 428142108 4718808
46816674 687498692 2209289
61240318 312551775 5350030
16127620 372374263 1142772
27686533 463099949 1623044
14859091 184395115 2463351
62875216 301304878 2294810
22695816 471419895 1910686
6606849 499641013 558616
55921151 167368722 3257653
51941041 650471135 3716402
36942445 133443994 2934424
28900461 699557313 6386737
18395734 274129261 940651
73938441 350106622 1279894
37918685 120187338 6537486
40848271 113065394 5067819
19136581 95601936 4334106
11481628 261924920 2445837
14066473 191993735 659700
5219274 512169494 2240126
38612900 245622482 195490
64822528 253774797 4296209
25382108 239884585 2838546
66466121 591822263 5443182
10649139 396270951 6720567
71220127 276559326 5624138
50591979 451639377 412006
73957762 238566023 59177
45531814 304775296 6640674
42818448 543447299 5755086
53504838 83655875 5275707
6240320 391441691 6172250
41743409 629252043 1981082
36978408 590424100 2010928
36966665 239679220 2357794
32879146 353844022 538758
44695506 235444177 6383810
11350480 43865034 4492691
67927763 132893371 3572254
62911903 583213390 6275017
69799234 555778187 439665
8423668 647468694 2090403
69208553 116575265 3029248
6806609 412729451 5297721
15145181 100134708 4678599
70712397 460555318 3194570
14845562 656199704 2014333
53589186 501275905 2088841
49325637 489685574 1659208
37945251 345582655 2697291
33080816 621712024 2260840
57830728 142994587 6426671
1792931 256243315 2693425
35477054 126954380 5424196
18500142 136389898 1204467
62181244 624181299 5155435
72668874 130792746 5074815
67752750 486400368 1734508
13091724 49000010 24213
66193834 551531914 3257203
15018274 216271155 2318775
55353712 13162460 3521437
6175042 523389414 3905151
54004788 573719549 2599115
38468581 415817045 6585801
63212547 375012581 2817969
61725298 610775007 2286286
4005752 308436537 3915573
41099189 230475606 2159408
69447401 110855856 3672867
47086921 74047138 3942217
48843098 318149342 5748474
45528271 440426775 1852531
59400023 57104214 6985465
63265383 563840741 4936932
69953736 30893613 1399493
9057038 682579563 6108714
6640965 314081785 4085703
49500288 566363089 655871
69239853 435423982 1405230
38081706 21369964 6753968
73141793 248154631 2923153
23065991 103050144 5226221
8961704 126189117 4706919
66399686 690435225 3965036
45005019 349655451 2448489
29873195 627375315 2597285
4809357 353964027 6558024
65760933 289922726 1952991
52508868 671707296 6607307
46628891 127193807 6591843
63227618 217942997 5897774
14812041 574952189 1471464
58860856 559375074 6710283
5639617 562716376 6811693
7751319 373535897 5498633
62180915 584792213 1036386
64562935 92142609 2127965
16850907 12306470 7030547
22045587 306340092 872222
291702 231143116 5984691
68411122 344112108 1653904
14939085 321627084 6361976
21262475 627086333 4318905
41513027 340990868 6777822
24722140 435079742 6102773
53709224 464890855 6791679
74968858 165777771 3580877
29302144 673502656 3716809
44807213 642758691 4741764
36084095 705681490 4179155
45471748 430701172 6053742
3050320 659401546 5794644
40039263 307366695 1954204
16004638 407028150 1333760
29599989 478019402 4590236
65083564 379899138 5403692
71802378 197570940 1378712
3430436 41812057 765304
27992170 97746525 838914
8945518 210688792 6399231
