5
230 794676487 926899510 553672426
525804525 301427464 177447369
61258967 641123635 332114788
5516245 76065073 119222714
699716072 507554326 106821966
586258195 586494123 256768725
422620959 41453147 364650769
292950570 660794750 232079761
164203715 255334804 186034890
478010723 189881228 173082748
514194305 589488607 85609386
11001225 214011739 413877880
77124565 79340677 377863115
66193166 111995010 550769066
57625243 919250620 294141396
384036547 93302057 464592883
162027283 183264179 75817423
536753728 568004959 340845766
192354164 639877792 314395531
665881437 5110826 551979128
541963123 75494003 218545470
101984627 363675683 5072393
403989127 722533006 145880483
739743261 155255634 188826339
675075163 832140634 266764716
620352732 235243733 224009598
390463589 105182912 430177309
464218770 316761033 190703912
320354367 454343140 246977674
425991134 849426356 391152462
651968561 247121417 136282221
214172196 115837979 161367213
83852099 552955461 253347606
335912741 877829534 468306242
295426233 246489361 250718458
462191386 602256497 480827536
18561929 585211888 181098356
466869531 697860889 432403498
577878807 267473378 188101643
59513555 443838893 282206962
312659967 277248981 237798909
745001021 475581621 166170013
27118942 227857209 79079830
328129842 140232192 539200953
495231256 925671151 276151137
548092605 14482921 195128710
577649370 706293013 417190864
449693162 71120431 280054096
143151115 465437344 362636576
531292015 187891879 544176837
104196255 100385970 372212906
162430625 519782232 16480422
519175958 270600524 99092085
570809710 789328015 122098928
173942220 721631167 507507502
130489599 557886806 489945640
520433 156999649 543060238
407903510 866474540 197294241
735362044 461468217 225512144
130916622 71827289 315419803
476294932 196785618 251048540
125559292 225511959 424530384
346795261 317333669 117734530
361770363 748269478 500863108
428473783 552534669 177203023
217193697 872832910 241925713
590042658 694370670 308023660
454515901 155747907 358956819
135656050 564166567 253517638
520335587 726800125 442716739
235200043 710295905 81681662
312770839 626422727 214573437
172985228 596785274 314123776
393462446 821164003 466121141
334621900 657501317 160236920
145515315 618941588 140483448
751910521 345763362 154059546
766301694 773139999 294087622
576097914 400775785 222539845
362287697 853167428 436634571
565596192 285661006 371231945
285268620 399279920 364890991
67703772 657879410 139617893
711091834 573958483 23681457
460901142 391978865 62627485
313136559 624295647 485512313
125699858 440521074 354214657
449164928 416257870 30748727
33066462 476661771 33020229
382480759 641893221 381644808
27583836 671963410 72515491
349936095 345139042 398531541
118097788 594616282 367080425
57134513 334569782 448465802
748759100 140005474 470046395
529049308 222504660 313118767
156324028 38521999 492987020
103207896 375237612 12746071
32964464 909881838 153000979
680656632 150626455 249281798
496697556 433219982 51312486
172151964 697569633 385903626
212756280 234525705 487359264
6793272 64221392 224782892
759280140 873482506 422267450
141383340 185965482 379477163
103196320 180662974 347176723
274208775 126991769 305605697
59870380 292213548 491672973
30566749 486742004 353960573
216776259 5735564 247309596
581486567 140321893 453028051
117066751 445846599 219655778
756076178 711567541 465681007
700238521 698420081 200670059
317662530 309795268 121364096
439667522 812927 224289781
266821664 232184091 340214032
581074217 285638073 539452634
430266529 912096648 316401418
320250392 854318962 463130492
289893867 532743942 414436425
47669963 177651004 224465666
549615881 773278399 405469912
197162593 144416424 550300252
242381602 858022771 436022592
748628218 87772153 418982408
238435937 188291051 256920468
524317415 150473948 320046665
360533620 216599016 394863441
745366851 181635490 66073191
231169851 180100513 37501710
540804281 853088842 155978464
504137317 285983088 449358030
186228236 127372457 261361166
298365554 255550333 67152731
143486793 885310686 56181965
710271429 597213040 20980396
430180658 689446888 265759830
417590917 180315802 468241491
559963336 103547488 307221126
344740834 148300626 300229004
413925634 221681689 473691904
617934293 390728753 459608708
132971310 245246959 290848894
86853768 389315132 390423541
491218709 58803585 469392281
272773545 847951801 270765489
494674999 166611146 468544366
528430338 556894105 431816683
99890177 742560216 74732743
538048806 859544435 240808870
620793849 279763507 103436877
354628023 39162626 36137211
178347043 518496805 440834535
287430789 231632304 209953743
376909774 866380299 207213781
206312533 235551736 551976299
462106778 400833978 160467607
265414742 502017169 425759883
318935990 238017824 157222839
770497301 421746497 3528758
531083944 58910366 116576901
265161925 254238129 527898562
40327986 408195581 373016497
213463026 448471176 341126488
89660193 312259873 255324669
569368371 187063559 61160099
625907334 29075395 84014238
34684196 42297519 77314676
725957622 388238031 507595005
248345360 452823083 469183439
6090683 507461456 139783903
783718603 220769433 106567978
74738861 785019648 239369194
46479434 422699240 430205598
446160004 525208220 463091944
167838962 2838492 461894810
438492290 796608857 84659349
665467869 423623901 384925070
151358277 37356160 226083770
353623729 46194723 45768042
412430481 568797967 230373720
760867199 556795218 363617289
628942717 725717279 463315182
419509221 502664246 77315224
735167858 565851899 107932725
184398060 359291799 446922855
92740646 545825916 199702654
443679384 562516683 441187855
309050419 668017371 323447881
638553448 265116967 345986076
128067781 656564167 549287251
364433629 412624553 202476876
351209635 274706158 450228882
617238100 354147553 373375776
636400067 286779872 402315604
376287223 846932862 325326892
532657951 449757624 420398691
407695220 440161279 263124664
667381869 379967196 532418983
58439601 794347328 243380723
101577793 895383902 191981533
543150877 77474163 179511839
623724738 147091049 405599652
262528468 163983407 293929922
330083836 475103630 168820632
273592375 504558398 253745609
358041388 58761401 246838550
459874546 317849069 190127742
9387271 711889645 544176846
373202674 838176362 291064240
507047681 441595450 191227312
527203579 193024731 359002095
101933295 427838269 348847695
183981593 729081381 129063879
218114077 88689904 257548704
646826130 644545796 420005478
510270426 285947801 409978653
320132946 734219866 38562968
113546307 480386897 364203954
277424468 486019233 537577832
69192377 833959391 216170131
411831693 315469970 520333773
696295421 71831928 393404282
369422986 516885419 168195786
509223888 803552321 332875490
443443189 254506117 250556021
437727047 526420623 472457547
552256177 345244505 23581341
131058690 312097324 157313642
153 424322963 950314295 889435098
46341165 122243748 505278977
224763469 28421569 95951650
1171166 356417333 84772344
240490234 207672343 733588625
296063179 17070002 390746659
376113800 349932378 452224433
167078929 186949427 497465450
1342966 702071194 545949036
120024729 226703837 620844880
367032376 351482258 3393954
138674999 99476754 274075208
131606554 3179862 125446104
197954201 22315071 543254820
359815967 718702325 730918420
90761368 318600708 155915481
219125377 905756634 636630575
237881939 270045513 339577204
341082492 348114757 129814567
52050730 790757975 751026285
142095237 601375157 203193790
154690031 272654500 870535322
281053037 391522005 627465049
65088434 83506925 304615080
166643625 460712881 633391628
14339167 283041953 409809160
258156422 720848262 452034803
103991243 137674805 9532689
29128450 541282542 801976124
34387120 876919705 416233996
119572117 209571735 605990487
343700559 449979591 466037723
398810083 307433342 186507506
180026674 509546203 874706105
386957325 419803715 267805706
12653975 285866588 845847599
371053561 413231201 421702231
106723904 165487385 355140024
132665623 228778277 191321505
10877563 135624505 116917169
181330891 348973138 413673603
359017550 381762234 693186122
280350673 274622787 642806900
115515232 547829698 60312470
59385100 702632391 337042106
157015064 103320847 295661626
357964013 410844254 9999969
243440067 343689182 21668089
181900423 739705236 443052163
203236660 905223992 436026292
333048667 812240289 137589889
287602231 153549382 525576100
332932820 259521658 448240371
305290234 674513349 348280775
168789330 424913985 95192493
24896030 865417591 373732228
29897034 215115291 383729037
118218468 278248849 567053720
41455167 1959040 30916899
133312751 761945430 571838143
45686344 804399731 247269148
149399041 344129392 609213167
293843862 780257191 358008651
354418771 5189781 274276260
412532626 13996473 111977061
378449686 757310188 183775369
308827947 53016135 250527090
47595490 284856756 846432123
204350801 303238956 558422355
52320363 633207420 646185151
286715528 874575228 556749801
283315659 517866062 23665937
44588695 930404062 421609100
162606552 737646036 193816115
184927295 122437923 570284234
123264508 384866601 439239665
228794540 762631206 470822042
181021007 794593507 790303199
117194448 247413885 756807797
122986192 199329429 262245305
173760078 610718480 470117220
243439458 333453719 682368306
254806549 56955027 723463970
308542989 706161164 405022899
146877492 322670651 729405876
14915161 29219136 408720109
8860199 195221017 138679753
126239582 797658892 609046143
58478104 849992805 767836985
382632303 187593756 589284718
15683975 657231790 535270882
64376722 647808566 183499894
398209879 204061200 332225563
359563654 167333314 425462571
181086595 946616728 177463393
222635457 128985735 162796418
327239561 209664954 186813796
362411290 782911332 758434949
3434240 145755573 531530704
354745597 6017717 208021404
112342906 509078623 509550307
297400502 427163555 300020158
147175544 875359210 848233393
413524633 457103241 95714264
306391958 110690851 705740654
406649628 119849395 176142301
20226965 60710085 299649464
359372427 298034124 76630137
307022311 326472144 403627545
419508250 894887011 486986809
302780377 293552849 290382308
303669515 760918889 498632732
190473398 191129963 782208749
137732498 291264782 120932434
143225444 663716475 1705680
325736580 521714505 279938028
231941008 7930218 184634011
29936156 625783688 429572953
94608370 944959004 394958759
301918149 81310633 833655538
216651406 881077079 473268784
51032713 860815432 127618979
6191689 195874977 346904233
205376258 752530671 362338410
110234286 788114098 154493584
265920259 408306800 312683531
57306858 886519198 486601094
262519313 83199006 520861067
221970484 84507851 836744284
165274937 488036144 293972411
410963201 159636011 795344968
151672553 703204190 99284762
84184409 892791236 881083285
296064554 843043887 148527325
176116048 355631272 647782097
406111941 228887777 773639456
419352359 619463167 523748535
208167205 415336666 352040808
110098121 288215933 418534819
32773313 473783515 10156723
204172616 653136660 427897676
203681718 598243470 366586458
190024876 439891037 720493981
234253542 219983510 599507184
25978277 677704392 293049301
30664279 584156781 724240703
376167319 52256859 328814235
260811820 55813315 862063209
176387662 231375384 1790816
237507286 810008575 232868016
28605021 333945927 203398351
172294222 152406008 797817328
129948341 50881382 464878962
250866779 610386240 232137155
266 681500218 89352600 658062141
509604931 50453475 27099095
16061214 86921045 246646549
401336565 42940425 456802918
60709514 36227742 102306857
631032494 81642622 98777939
321809611 64800228 599916831
22682184 68057466 341066828
332550585 17997451 519307289
280291047 12753908 437909615
176667268 17137972 275069900
351983714 34377010 101322833
316048610 40892861 576363122
420726242 43843020 282763025
354576814 30255942 7899913
414318082 76511897 527504331
99400796 1681303 651940639
23235655 51256300 462046988
660586214 85612377 38285278
234799914 14389253 455755871
599221453 67552038 159612768
570564642 8003336 328601202
85049854 52621248 265223242
43565046 34817667 510328590
552530943 42784367 154700177
290526509 51555154 531823119
352326932 64000167 419578569
30317366 54213617 288684173
67820014 87490410 394703763
546885608 22562765 215788647
169515277 50286211 333040976
223904045 74541668 630675986
576481515 40150638 501924514
185767614 48551257 442022680
75852282 76639600 526341811
397901716 27433951 169831022
344203085 60719418 75124112
400170879 24243190 368140599
438643580 63645950 354038890
438904798 2687638 385577420
313277962 82572331 137312460
50061100 35508773 453589698
252833886 59316258 634257721
645159544 40834402 563540603
680257583 1041150 630307403
39674764 21579972 566270537
170996786 73730210 570424098
407041110 306172 296233621
587600633 88089575 73911683
306591191 3841606 626177967
140203827 16119127 296336496
169137111 69971846 27136531
198508111 32764580 225512010
209441565 15491191 133523961
526406343 39196002 597745602
38058380 79903951 595178276
10561719 88058001 28096412
279599075 80654083 317761724
167191629 20061949 511059599
228558798 11664200 445933911
93297341 27920671 279973504
34237383 16858982 192637599
39253122 28406522 652120537
217797476 73888541 217775538
497558910 18001449 66778063
52305647 76571528 594949737
636352521 82773381 87676964
578800075 85425112 216191823
96604624 83565161 25355789
99588112 19539068 278041749
632864502 67164717 92342856
394930679 88383917 517828912
418529361 52425796 617133019
593101728 24491219 623232209
257733265 69746850 367315635
70980244 75944948 108450688
301563318 70648603 629014500
569173724 74459427 391362587
673055353 19440419 594301653
137666006 44576720 179064101
52360555 27743312 104629773
507954323 72711533 594463852
206639215 82894003 279055800
324272002 8315397 135515241
590472643 29878583 592927088
148050431 942841 155881017
299929829 72890516 347144675
257088757 64271729 30674862
665935285 49981672 652515579
414817429 57807538 527280833
638037204 58634654 54296057
657746429 59960744 590410771
531122078 18364408 520946093
250139426 38177197 169727002
399665630 55528491 254872880
31206319 88469890 23465365
92746694 2832205 321304118
21405426 84422230 505748560
31999326 73662029 47643089
510462897 88815211 527718753
599346011 2303069 364577178
334011987 63934748 289745718
557459172 38637440 8100545
235754812 45074563 164531897
622743685 656414 121685057
584425768 46602667 42646978
292687553 54916491 394838586
665372122 79573347 165009895
66521483 20207038 420684886
253196054 61233293 156778120
7411165 5381823 257969181
21507961 28866356 137126405
261640317 71335632 295615192
146599454 18442663 381715067
607703712 1432349 589508055
666421269 7813828 330487923
436293695 39219429 368312521
52412814 76442422 399318842
293485332 30959034 602533587
543205599 14125893 324448451
372240937 22312317 128246405
382973915 8614340 553314419
97853118 27718721 349407783
594800959 29499397 177583592
664388082 84002415 65615602
14054924 910939 381196496
653893984 82625811 412996956
400797101 1654937 35577277
93445168 32999516 363912597
245574317 85685926 96587150
352197849 30774205 648185596
208497191 69308902 418838822
482291419 17642149 123946680
622318101 72067211 191176898
302693487 84244935 19945560
383425957 24472749 312806919
643646227 4676072 449988253
299629842 55029976 293002251
308813180 26203702 448148937
642138843 82466548 541809503
180136617 65158718 44251985
541874746 3630364 193015214
178137749 11516319 107998397
333481377 82105838 575347474
83859527 66545726 529809606
17573594 29190244 281172168
343208671 13780152 644461876
582461132 32181892 511614082
511080036 69850921 107308620
668939528 74917445 365604167
414746934 34581873 392399068
466582389 58322548 628027592
205718452 75567163 28239134
530844082 87815930 566144938
482399514 69766070 482191092
92004397 40305133 292959385
607607792 64581053 588039230
111821348 1222008 517931603
443713306 7864780 9018822
573969040 36623825 316806091
266493500 34403727 203861840
44253929 68261366 166034058
609381585 16098649 610208085
169852928 23000930 652761526
488241627 73935196 551965453
263618462 19299867 587649307
344593390 88772012 424810218
186674056 72031222 590899140
149205273 60596256 325870831
655861480 44550378 567659860
2011323 20343481 254847017
3165622 56637820 368446842
162462214 67819955 332567798
351514250 19209350 209257982
33277612 4837389 494019007
124154323 36638646 427564109
589680295 30317754 596867139
477994749 24991685 409687794
108664452 80013636 464434036
659012875 26564140 410089880
80315951 36161066 644318025
77480759 65280728 258958937
157968095 79944470 583177079
341785039 44104389 657301572
267866668 41266661 381477310
397067370 54087658 111019824
531359130 1032381 274771737
317225685 49876563 237014787
28326111 706715 274123546
498241039 30304517 166254603
21114106 19289884 558203555
155561547 77871127 581071771
102095046 8079266 150293901
33172986 36461454 81864371
204813857 83129727 603980721
286504928 18736191 153838839
336782535 87503922 621799947
592509159 87781471 160272943
419085895 34408002 275678153
518973868 44262231 539497749
318936041 85580672 509991902
482887969 46705067 447559496
516460499 22688713 566514925
86441601 98160 298725755
204724049 6389518 291140540
103050935 32997057 11049267
402801585 34888345 243717313
52169257 35333920 285456032
181045620 31117182 593286152
593766837 82705044 601738093
230118304 83855750 579426347
599501552 11022381 14898324
606511392 82424704 323369536
375147400 26439305 147886347
543480682 74420780 573148211
74808240 66705282 579151510
275283387 25214265 202149784
550016584 30016422 138916038
447109571 78499138 606823108
132362785 32402100 264159450
25782296 3542875 73653762
604423494 79915045 88681522
282537205 5773015 355390713
46295579 11322936 459790386
197460091 70769119 160549653
437040315 60170287 475294819
150461024 48577243 359012158
272757841 14343239 548649409
365441776 87329406 355933600
305801326 49033805 620368081
149457414 25786005 251751482
644356578 33331666 646851406
44085542 11132904 279640239
365881732 81784860 445268192
426459554 37932736 9561463
485583303 57088943 400017351
339546168 84205291 358204605
604359926 83758869 128949939
278729663 65280756 467601422
481039676 30094274 304480320
456812370 34037359 3933664
560324459 31905312 504594928
651759343 87468323 508302889
184812370 87170450 489905896
224196187 49903893 211551568
333510612 23110008 200179684
97540544 55154644 552432627
35099029 69202719 435211176
93038063 68788094 393875077
632302061 22559693 199082626
539899606 2585689 334738471
326793362 74841052 362899827
231939622 4508118 51346080
469606871 80237669 557943237
584985952 78718795 141969542
565487027 17525436 656345354
592096707 22491392 159116918
660883505 58161245 64491718
45650615 9395451 138482973
630280531 37821307 457487907
664022921 54205285 321928667
15542497 36919986 514601389
135502949 18594520 93504795
596286629 22313095 314535445
76951606 29798645 427228487
537953583 58380308 594244159
534364784 24238328 9781519
291 468570949 449389488 189121511
289421011 248454616 122896983
160355248 448082445 141893134
432219838 280452053 20171117
455301187 313459772 162809309
31016534 255659094 125891845
413696682 247400571 154863601
373259092 116470481 27093102
365538918 111270247 106158034
96606681 170833629 15149758
281753656 232271563 41148923
100197721 395900793 54665184
144776953 167293826 83891932
53546375 158276532 55946250
148226264 157771722 161522362
455010409 170660290 72957902
142060594 60027800 137318655
111468054 38561823 13871009
253541440 214070556 92290341
339999187 361740730 61106136
334494548 187069878 167363532
417058748 119787440 129752898
291915166 116857349 86665413
180810074 185536407 164120199
62023141 443989310 936479
59296137 157779157 30247482
157559629 257381464 21747958
324274382 115951077 76526173
290124958 443494634 87713218
374552197 374832940 112990475
175667379 101030522 184051547
208758934 72530834 78648612
375639164 214913462 172183091
283579224 400432393 42634576
151839413 404566378 46507305
363953323 31294029 14407011
51840594 205801053 125809136
222834025 409417713 167687993
133242119 374148589 105007497
139474626 346618135 55275585
187529755 205411077 13899833
448548591 289286396 133463958
218655934 156390039 116556668
104549942 79879266 164456388
427651991 368652522 74372637
76582252 325832129 177325865
8236715 96736621 18180469
368486224 254551920 88468400
113165742 204943946 118268951
207594146 272698035 127528525
114394716 184755065 106179016
102099134 140711185 175147926
379408890 396859993 130816280
347717426 334419419 55156819
396627444 328227826 17842267
437595832 440453231 132183891
273203 296789139 97945337
257646653 41502449 166890019
127756413 167775779 161472336
187975338 353094641 18740683
204335955 448077744 184891524
62989853 310930289 32096935
423660099 198825624 177758254
185243616 436978550 93538621
145556737 388188020 31594237
396730512 362380737 80285550
91787647 332351901 44346361
373056382 205158816 69099694
190239097 194775996 78617506
211106886 430431352 21821074
436859964 58859467 84767284
243249097 377521979 21357238
20761151 141535067 2535364
229934393 285483222 70713835
49523554 367421713 106549812
238768586 135987036 44182723
349151797 20240710 126693894
198233096 57712193 129869183
388271331 372252666 74190901
396208662 82101776 65369210
168762774 19484837 118567172
61637471 404450949 64871044
344545162 255846446 181625707
129550662 258947664 7652643
389287147 265219808 7773443
109193934 372618418 157210458
114732462 317613734 57079041
144005872 92654147 123516655
16897449 78194451 143284310
202508996 256521571 34513691
419022030 5583915 183228813
23979244 91543455 26999796
186819857 260261491 168950126
102798593 260321387 40909938
257125192 316597886 41582784
290830283 311819421 132457635
363835521 198896268 41221385
206915248 399142349 91936463
7985369 266845904 176767548
261984067 375331425 90181181
351122483 30526631 1633901
106307558 4783420 181609375
433934372 280524992 111327824
217607880 170971513 185082499
188081133 433080241 11923249
267193221 328142664 166610035
185603568 394116150 124974953
93592571 153515411 60061881
21284143 341510217 172957053
216409301 252653283 12088024
420512050 177342073 70040386
347712140 245527199 124818640
355694427 11184441 11110338
68375560 284268969 2820650
150893267 334340850 125578015
233608170 203050598 130814410
84564723 94531441 97420155
299170941 107506189 66268546
389174291 416418452 95750803
281078216 66976012 6176440
11662690 243943676 36820581
9931461 313136343 34592757
342171445 363692549 85742443
442609613 56446095 69144836
328588819 63639226 137648788
85875895 207190093 38205810
16307168 445370431 36507057
140661674 71168460 169087770
199869207 87982265 114500071
67081404 8259159 48898134
75341088 141143680 56049701
12643425 346602828 54262567
57291311 372983827 45293285
208175938 112773127 162690187
397026097 136548368 132069015
205921675 80782155 117787965
371568734 73266862 131533859
228584082 314330580 144336858
370785758 148600001 185907275
354590236 330976027 164075526
384349 17336314 137320088
140676208 315441398 53866694
130618835 133116735 182419922
356172949 362548083 178021592
316198088 218051279 46015305
163682481 84889554 53089620
81780650 97833664 141533510
430727709 73247932 2515666
309726852 78841236 87243253
128643132 38526901 183473417
19204510 198246226 42454819
452136395 360451897 63681498
21226661 274239637 78341676
143399221 284180136 22776507
373514045 106464646 119201155
32161998 279617124 74280582
29193433 228492150 188561192
330387617 231266154 134004331
79304242 78348884 24008367
291728914 382708303 86699540
175506929 351112590 53376491
13140653 113579236 2412392
321741879 151920401 35253544
368572021 348340023 132135429
343523637 366442352 69762199
245514099 140597030 25819078
28111518 23863880 135283924
441501378 308303785 161967724
34331551 236106008 62156628
52235650 53164221 177865195
372516752 75424077 69762682
16784544 328117375 119888058
81513718 355914740 171487536
146527544 323987276 59285622
259343514 193951571 53049580
329732302 54302589 50193568
209968690 178751321 132968211
297437561 140580611 128091161
59779448 40744629 125989650
199459487 93625042 85079202
159479012 304146422 21331844
115125623 33596620 59331496
104320177 63796717 69768651
227410212 11981330 74148637
207039044 332314880 56629167
61756835 263168468 12665318
265101767 336128821 111285972
203381635 240488604 138672681
224881055 4723083 113132971
365399800 370020768 15527575
189273034 239228549 57504938
448749065 163000803 189029131
225455674 273078039 71788006
234066056 108070777 141798628
65313488 9773922 115925521
165452101 211578548 146013438
36664807 347044466 21666911
241287649 422984913 180075177
18729848 361147092 64798073
165568148 364355301 108970856
127065801 97376507 35309430
202687236 205955434 127633714
382526673 359052370 164168132
57033825 340400725 29444762
419459922 123519053 2565487
446773837 426269571 118145506
406880329 400351161 68332343
247101169 245363573 89587832
247810624 83603865 108539802
424829228 171098209 166978524
388680233 352844957 117252183
356357750 422219061 4180984
202305935 239863662 183552405
9871426 103426475 28904153
339359515 248711062 138084835
92639189 61255866 126237323
124846508 203720031 77124849
314948817 147486353 39692118
326919024 16179477 21663034
107298463 377799943 19871064
164734416 135552853 134944344
377146255 124697024 28014825
8828880 210648129 175358393
421245469 68419618 79161026
287541989 430613885 118570100
342571980 203610253 1343434
45681136 212428603 35030659
159502354 247099540 146872116
373222322 397239261 62722615
37702673 161199664 171195333
398752468 335565766 183562730
183403701 377579774 169101539
141846973 315260653 176306901
462120445 308763698 125356773
231285536 270636094 21379613
449408257 55233024 21184749
190126107 443236713 47802265
74633939 242162925 172526388
10663464 180415176 58083688
143800365 34835898 47551931
330256584 176494976 108831010
87052892 212236361 86232078
440236734 78845447 158051142
327997951 71040608 167712435
307191477 416483357 51863266
228752914 304622191 184132883
197412448 48762115 29729915
395897669 49022307 40729763
239597342 380722481 125136789
128687180 329435343 39636914
46809477 298458843 121364957
418245366 286483437 79667574
263750118 442019430 118172605
324933826 111932873 60155351
434483165 15358573 55272555
263147196 147298217 37894982
134634849 159441582 53353852
101217929 362717891 60918349
246746018 269435781 187826426
276087460 289094236 64136290
180142004 144108446 114471348
232038024 32749610 99500299
280060925 49721140 102990204
125998578 239258116 176194485
88762265 125551567 181549761
190010640 200626585 3428477
219213298 35259611 91950628
78037635 364852522 64934320
307987830 17073758 19491884
234307097 413183269 43599244
868283 10253146 147690040
135132044 375269653 186741855
269894699 185387753 2364803
84551224 317076848 68943869
8209786 93564018 5106807
82523486 147233146 78992557
72138102 345507624 150871886
104459723 261629080 166209891
54615224 143287734 151291007
168776033 242312044 153059558
117479449 140346179 104683197
373406701 99925602 117364054
210508928 219224117 174332629
372213340 169741669 44340112
378334124 411966401 53797463
303937818 318106695 8558099
106329661 26342846 173443123
275538395 100299663 150945075
218272216 149709360 70915698
26695395 195330431 172594016
278973809 306650586 104818031
202640275 315460883 3074455
157 270886582 125435228 508402483
134288976 114958669 375067583
237673934 15371668 244795845
227246612 104485724 223635473
40309809 26129234 233019314
58659887 76342026 98712489
194038641 72927667 403282318
236625306 87758925 155358687
24598424 105470956 94174844
155704090 29290334 4455110
3454210 72933031 32853920
1632773 41554083 110304476
67150801 45697486 290308937
22541737 23788485 202609035
134021034 32110415 383220792
100590771 57717096 488252726
257647307 73209801 242109981
220174269 103812070 325836625
135940087 88380222 499143489
220817889 58246335 154173653
247744555 122865226 99796808
154772570 32795363 340176023
78260645 63203533 439843102
28713106 39629684 93058903
205272371 25068457 92811934
41457782 118210656 18171864
238024304 103816616 223758035
69625328 80255308 235200458
172837778 106923818 137168288
53900051 36414225 472637697
97224729 71936228 81714467
86520620 54794477 251516591
61951457 64908300 105962333
177372034 8150912 405974541
36961784 92188793 33479515
49476285 95428116 34208785
17754084 18148501 309452200
8993133 71220509 119979546
26546592 119250144 487460716
119602010 106389314 183501110
82822608 53846910 127869784
35563708 91677574 114196908
16287005 1855266 381960766
10384045 76744802 295055905
114138710 124644481 186043268
227376379 12577624 434295897
202572811 1691416 284019946
72332858 97249006 50488457
32552846 24178420 135312427
10761610 105430432 17133133
76841195 79664344 480076901
51710676 12715408 372257365
134080610 29872005 369131425
45964927 65692145 133819616
186205051 37442338 32828052
243020402 55519078 53386199
135829496 111306541 222939907
268187233 105587658 3744385
150150280 31600279 399299628
25534483 52700030 100755933
258275911 26207834 423370833
50691536 63932216 393159422
194672188 109036313 395990310
6602415 65318594 480468136
67846748 111912307 336728369
152685654 70263841 430629229
214845711 113790768 25686962
94018790 2245858 321720333
195061302 80989142 192249097
231605057 91522773 267971329
250015356 24852024 341416012
120070403 15912017 489428167
64345893 22813736 65907340
199423513 5886125 17162456
144799324 41542311 221597559
265727195 78676744 391255342
233589074 80572740 107071763
18373376 65510206 240259456
229630662 123568925 419721433
216679071 94689121 137869254
205145318 37273169 27960035
30637269 26329745 503328575
117471472 52946943 134138642
15574461 17915579 50635082
78508992 67639496 472209956
163292429 97238983 290805681
149560762 108478956 126828282
252681934 121211179 155449936
223396466 70428156 474318950
148391598 36462051 97949261
60293259 112878731 285690452
77252839 39006070 84086866
86800698 90742027 470682151
255277558 28511474 156023396
225145088 21973610 256390291
252949139 66287864 329812906
5515583 107736204 115537491
125591329 102996729 198174039
98298111 54351730 204914172
141940633 118243116 250595973
9296474 121810004 351838407
242063124 17466244 271048755
161820028 116883704 207731036
49259379 117780964 338434865
220716401 123732288 347782192
130061527 56686129 471321408
107864772 30786476 197857510
40009198 21372431 151100017
48939517 40259030 406442172
179364464 13347808 211778569
206416870 58779167 110772704
139774946 101378896 494994250
188159725 50301441 442409868
101776696 35046414 27287017
115314774 61725618 92200745
235735912 31613109 237192830
148642694 87100457 396374083
14224285 69680232 311492858
137668055 69133194 37279051
43019900 101233624 122036879
244403971 63165634 489760304
230971512 40480612 96927302
218084472 107994770 448386893
130590308 103019322 48717923
143247020 98044819 80234520
133108091 97002239 229075959
200698509 70274690 104565889
58771261 51541235 309207615
76320700 47192337 136080253
202176569 35373519 213168492
215419196 18433558 66744849
135523807 36187727 242934233
241438064 124015413 302894290
161612824 36258809 138706507
57130706 19748689 155879436
186892279 82669796 500939280
104106904 42422518 34658440
148529723 85010051 492013724
28356288 93683656 288226300
55551135 119782864 489998720
213948512 67053540 444289431
21110496 92982027 233382738
266049278 52973414 218084291
110240757 39840480 453387621
1090039 11532857 463539889
203477774 53566994 278498710
160489391 105784323 14142552
36408264 6339299 22965908
154180913 73589419 1415554
186357464 75359134 188646984
245307514 106192819 227767494
71949938 103929895 419961503
227454849 61935445 502295858
228830920 69031955 153319554
32816131 13806152 342036555
45917633 38518026 245161397
236602035 72999330 182143608
76946865 84532489 186208847
