5
13 40 15 100
7 6 22
4 13 87
40 6 11
24 15 6
24 12 32
33 12 100
12 15 71
37 12 58
34 14 78
11 9 77
10 7 35
32 5 27
12 1 23
14 91 85 14
20 18 14
78 48 11
80 57 14
37 3 1
60 85 10
54 78 7
57 71 14
89 62 7
77 73 6
65 56 1
67 5 7
88 61 2
87 27 6
73 6 6
17 11 29 6
10 27 6
11 27 4
8 14 1
11 22 5
7 27 4
8 25 4
4 27 4
5 16 5
4 28 3
10 25 1
2 25 5
11 22 5
3 12 3
1 22 4
9 5 4
4 14 1
7 28 5
10 14 43 39
3 6 16
8 41 16
7 31 1
11 19 32
4 41 9
3 3 14
13 40 34
11 3 35
7 33 11
14 21 27
15 44 56 86
31 44 4
20 43 12
8 32 79
14 48 77
33 26 78
27 21 51
40 9 12
41 20 69
41 43 80
42 43 50
19 42 16
19 25 33
41 3 62
25 24 65
12 33 50
