5
196 688507585 105074253 544374109
431260345 77694443 454220911
113275444 2392419 158592371
434756664 60051165 152561698
218916959 16654554 84931900
389114982 32260782 372863962
577260579 56988589 450036911
659747795 31784550 327045353
108408488 9640077 190995682
229970619 69531944 281369881
224582467 62772995 156542948
559792652 48353621 475776241
40621835 87511386 418069685
12646897 72547020 54335158
168732298 7109075 164497263
415471158 51132485 479877364
3874126 15088166 59889657
49230266 64112714 233444646
261475444 79983245 49764962
666859418 41617792 348994981
419087477 70618284 170584003
441459028 100214934 123749786
619908612 57586663 522329231
644688152 20562178 270655129
530371951 12892047 421288960
349949755 9027692 204906977
649895746 14786332 353605342
152351193 84805479 344370415
248263273 86384 363090864
661729569 30464346 144650304
69297957 19090048 203153265
107859316 54434908 149125903
128762705 22619805 55833021
262019560 63636417 197140871
549803247 29719540 187198863
70874619 12724747 501905344
534140544 32216247 388713554
101729671 15982138 490112277
585066584 37513709 524630660
670099709 78577683 272918562
687653213 54465748 466884055
15049441 104237587 108218771
684686859 11374963 142619327
294405870 66969090 137750143
389215126 42542884 540231815
442044541 44107714 306176524
59446262 70739979 286073738
152218285 103578623 521841395
265094611 92986851 302982847
432109525 36297061 48439520
226693621 88458804 230797553
297288556 73439893 342257732
559114506 18617552 337486261
627260094 47937170 480385123
64701212 28632343 270644142
555663439 103667205 394592531
125448348 5346493 67647038
446344009 80690692 23982663
364988342 95008826 157160837
79245735 34865934 262467121
353474903 72316289 27317290
458633348 91259923 71032852
618687503 17577306 27472415
346684152 21294558 8655499
459380634 81216602 273017445
446941413 102661372 7691714
635551569 80817475 220847625
572573126 4691128 245042252
321946089 28253153 39194161
229235969 35801424 288797549
28789429 7274522 276851525
461814563 80997759 38193237
586575477 5595826 300555356
190612315 104554145 251931793
278333843 1979558 389956533
89292678 20524375 173205717
539619543 91178378 179786422
370836416 73986323 291513181
246453708 21069775 205434820
604612301 82455590 255903975
221958394 23092025 34221946
541069802 53492974 202123895
675614487 45733478 270415770
113924947 76096852 17971711
270649487 15249845 522991599
152364255 39841478 435427488
503962616 3869526 380014749
174647298 48196577 327625761
258077413 56392144 394515905
97754175 24338211 148692551
303180325 39306737 488527834
168799166 25868492 318296782
115377430 16714550 111289818
199647780 68372452 232032813
27129225 75861834 352384190
414778414 91270589 450866042
577880726 57603742 489115892
3379322 16004949 335591145
626598760 48236097 13982336
120023077 59522558 71705165
620315379 82097403 251292551
27166518 17851238 12081364
55835220 18170582 446138205
2367782 47471310 265084337
259181371 18781198 295741963
569488592 9408535 494151718
526943244 70149092 234288463
216485980 12105518 174345803
583642119 96771801 450578652
369490448 32229676 170325512
275111924 12923641 401446709
374814799 59803530 415825200
173824671 2149023 458949168
124195904 60785367 489102820
554146695 15606078 294192417
296072734 8864950 54806575
190410814 12877326 67119749
652689962 98482893 113188692
590275978 70340405 333144553
308916309 80072687 150476846
670717651 33783459 591309
659671384 8435909 468930011
368499739 86607148 139705284
465363784 86208473 312777745
142381711 31445971 120548476
292632620 67853168 83753924
186065 45998472 512411709
215594299 15632698 77530284
427350235 29176235 76958561
540506266 12672034 147395062
414781491 29561533 216964470
59702609 33470990 102627549
314974535 19654578 36070458
528926185 71742773 173670048
80502230 43889412 180729767
504742717 82675116 312244925
220872878 55434906 320597222
567829183 37008883 516732802
631124098 94720252 229648097
550579653 85176242 244225368
49130007 51897807 368064761
623010376 69606889 131962186
191448261 67581315 240840092
119541001 80910215 163482267
209496404 27806695 154121578
94364931 55328713 239205873
453653518 96393622 129367184
332286333 26358631 497565476
491566905 29417037 273239726
331513205 22372470 411486487
594325436 103248296 210516365
75897967 23800992 266898515
440454693 93352948 337923066
32319457 93505613 438349693
342194331 88749139 64078267
23900504 23210427 196980805
135046737 96424167 405685982
313653440 80715683 444006400
236680827 73757097 426556001
137770730 54248102 115411673
67680476 78552992 378766745
674280540 46590996 388810604
600679117 40753778 8200011
378614663 67355415 425314494
58091466 82409700 22536354
5999254 57136545 144590783
201098414 82988260 411515849
317344093 34293455 389767449
517817599 53365125 437900416
365816637 34519892 355223348
234254370 40135062 116275917
4306174 1823879 51240880
64510907 11702501 270303481
584117368 19718421 370604422
357419863 67762987 378229623
563611832 22950977 468707830
240763381 83189666 370352187
413073512 81439915 145348198
11175168 10260364 102855073
287665428 20896698 178349876
537635496 105021995 169811128
219794624 50407439 327233923
441713246 77889566 196566715
178405528 103498342 24255829
661122010 81992927 536094702
644376797 19904322 158525800
331211610 80676681 433158759
456488535 33588508 354952673
189936936 66974516 359242578
524952338 14712083 301203981
27828297 33381368 216535922
349756326 61366919 270772886
328776 32561567 80923234
31120896 62889204 79544617
366168933 92827617 542708782
254925874 48397517 154800884
3574161 92437845 216616202
202 51953945 750049636 355207556
38164073 250057444 89947323
37433159 186279170 118077226
10070000 546669519 229132049
2322280 606864956 113836415
24387345 328803761 18989090
2518461 127335057 160984725
14231781 131338440 147196326
13699866 561099905 94977440
19730277 100897490 353911085
35073111 170382487 312342446
8879989 220048637 35377563
35664920 330902553 223215964
6221675 625274503 285447676
16497271 418286584 7810433
13795428 407209933 318390003
32701803 367948588 69447074
22302746 56195184 306306231
51103297 490853016 216312311
2932578 429946410 182048271
6034323 155803737 100443760
7623210 397341438 153838214
5906806 579642952 7631998
21293043 107152346 252577174
26424840 457918645 12500029
36431685 607367443 324408392
33745551 9975058 147092146
49989713 437990993 95901797
34618365 50482891 209908472
17898571 506449260 349380285
45306102 371217787 262144018
4395162 682545914 46741880
44749014 60229255 97875936
4256887 102533172 282738604
18721291 223250563 163073476
4931368 8034760 103965921
17110947 124081928 238342659
9551154 647386833 57499499
23121657 171033520 161645092
46506143 592065462 115431554
49114911 351222381 288648481
24864916 542749252 202799331
28250902 420361923 156848787
170699 73254405 323447548
8258817 127567927 135054271
46699845 1055255 200610859
23929713 607227596 121483510
42962828 464760706 124746491
5289660 251606021 347077198
33509498 235733180 215451907
47932718 139973302 326278137
46413213 156454406 298785796
34490769 212294259 348841428
25447619 464383698 230807170
30977736 634082186 139837826
24134888 193018777 300655401
31032385 646861460 172697632
42255427 307614741 22174184
34308947 66793651 177376894
50507056 371358050 116836250
25184475 567717232 353657797
20938049 527050697 142449665
36469011 570496967 183264876
38565965 430666300 122991042
15544957 294668752 45217326
25175874 135165485 43815425
44127930 560443504 155505236
12823245 110066651 196368178
17153959 126607622 93216333
28326472 279385579 168534437
3226403 713107396 89770665
15943952 283779359 273731088
33815028 600106377 339066065
6602638 714829750 54447458
21079439 234508592 43015193
30352001 438415349 75153424
40327288 602986815 68845150
40545950 372134036 273964682
39012693 343613615 175276160
24607014 360349262 130954338
45609421 714456030 215786359
12961627 618885127 273421206
512533 168578247 53268630
41636450 598566568 229283160
20547604 506780924 191638110
6940990 275929399 62592452
32760518 433039801 277855724
13648236 268545115 153775234
38571786 558172493 286087837
84084 663133346 197225848
12602474 708183071 12879955
41823957 651108632 332766335
29140516 180885199 11127359
30566783 127124947 214184525
45346097 177850392 189526082
43956504 85092463 280141101
29043554 454053741 206221334
44754261 538276725 194948881
13974154 255202438 307324851
32661420 337414742 151910490
26857018 558706360 313681974
50029669 319338740 209344965
20188075 156578326 234059201
3310632 225935323 188678209
15686379 639578383 172607178
14886388 584406393 254682390
23745966 257691357 270757717
51830795 165903869 202120559
39848334 610472014 252927355
40959361 531340600 294061668
30676476 529981218 3592231
37388710 490916526 201863902
31517420 93396393 274060255
3590841 366093275 33833520
263827 643732294 186068478
38781412 116905230 233871161
50156881 208040776 82720554
6575 268524052 154993755
47914620 254535143 184740383
40960239 56747604 274257966
8204293 522775992 230082555
30729060 620390901 166368616
9024040 593118548 279554418
2054566 705584255 349875051
41009392 219452377 41055672
36292489 313517517 90675098
38975005 733789592 158295579
18682441 435861973 110235932
14625286 187012310 281712747
29774790 90062759 64043740
47037699 43933420 26044433
23291149 469492313 191953595
9833234 703476958 18926147
4523337 587433091 295220066
47801972 235195297 136599169
37618062 136509374 90098710
11780345 625100887 225399129
7747108 520717816 353247625
6068723 56907516 103983385
40522679 169524678 217100194
51693682 396412466 299611150
34188610 726820850 80609896
15129645 189353159 243002821
36357641 10294310 152170548
50730585 136463862 35593638
47671436 390115194 43283711
50886944 587233282 150153324
42699744 510556228 300507201
51396247 111124642 87738627
46685821 83021273 200801378
8275031 601431427 52483966
8796200 354427295 111339348
42976313 705050424 322919578
46661276 447038880 47607225
23802405 528405749 4937236
25064485 453854178 65238696
3192216 627876029 332985601
42687229 660405118 167691056
12272443 451043755 75099569
14966293 140074576 236097358
44265828 53554522 295203161
33785353 577060871 270718295
43857549 744298441 331637306
17088326 464267771 74714978
24878260 234352349 274937851
22211968 347457136 348824197
26760895 196213600 308954387
29560922 460034728 152129184
41263113 621156180 143510887
30929770 346939812 244111123
32446794 420299588 191045421
7163102 58161661 62786292
13932027 512225710 70774703
29663759 126773618 25229152
47364375 244685251 349037108
34106933 74452501 66854723
5107787 538429366 257694965
37884407 261035203 264790362
38934491 657734060 17185087
27989800 197826856 216075680
22892051 72764121 317971392
21387053 448578098 163645086
24585104 352296387 77753974
39598000 265693520 182056609
31927208 62550149 95211386
41179997 73763605 291654166
37447008 346845558 97052680
8675164 48125103 319148987
7951899 532437359 110352470
2466617 395903726 339152558
29689086 724925523 82912962
5764325 302775786 298252891
21232646 215945421 147327317
50410054 383154218 96137996
499352 235039920 27885939
39267434 531433110 56584341
48460286 158551996 111398401
48218134 297829548 208261140
19989296 261128930 47783960
15440783 591811580 159608773
5160250 280264230 258877433
26550931 212266310 234343753
36996363 425032516 280471378
260 669988455 239185158 688525094
59371106 74373703 202703674
242837057 39280226 278641879
279716177 200616715 6913053
223548027 26848590 520919523
454823433 127196162 517465773
545966392 190430188 120993786
604907154 51841432 148471943
51319293 39022373 135437124
96578724 75156785 687934322
41435142 180619018 538368763
345189669 101952689 492873692
194967246 85361675 154578723
356874522 159983500 88704972
510796580 30855247 413940528
58927747 22030563 587158217
10789893 48806814 39261303
490350258 226090071 475051558
654825691 132601237 311381326
619527534 202600686 137423817
389036163 155442319 552303807
475756654 52167508 605962174
368799083 94086633 12474774
590734770 227268361 53820315
526789924 14079562 411980558
669943572 6466261 406851021
416549005 234156132 479090642
412091860 153927481 7358507
579111551 106112296 600168344
298650843 37862982 394652122
148718802 176843581 92681613
104220355 45665375 637405484
555533091 107392965 65447341
521204029 142852449 595936294
18804386 169293603 45549931
364764266 92112335 419753181
367303778 63202737 660405589
571241366 215067467 215049806
127094735 47338273 418768047
260649449 151093989 4713757
496578521 199454099 626517249
14947071 193821175 443244049
41331206 151338946 410827178
612438735 129497110 264014781
654580671 70332233 164855603
533586097 181540724 246665856
380855363 191425250 393033451
34753521 30134831 606722282
180901987 56022092 234389306
226052083 162861648 6389690
76708586 125179545 399833790
589548173 138314670 284374058
575542600 160559832 287783858
39511013 145772743 347098697
374079596 36007449 419128568
606851322 85306936 171355513
255907470 192009207 54268931
146732903 154377859 403353866
213781474 45890123 224214504
346858174 31319829 298232395
146271403 36324090 300298042
522604638 208017830 52274688
259852787 76409004 154705907
190711623 48703841 622419443
591974700 70305717 71887938
567886263 138796484 585249140
137187459 73001377 512090640
400419235 197238805 589818084
288006430 95911866 929618
572944933 212075151 460967194
83990743 61365416 511319381
166510364 129293743 452467812
368162993 140740238 206174489
613508751 25105163 242701151
258663573 134197603 287957431
79892410 187803496 69502801
553701630 59895521 535386039
336047649 162563450 500251682
331524563 164807427 601279316
372780791 208657549 66613686
67235254 11404708 592242680
217259651 86458351 571049655
527116336 156642997 341005976
304813980 64121169 584454946
403447150 26168998 420523430
427976839 218976955 495470084
153478283 185716544 417579043
274400499 5853988 540486911
167057473 108799767 566900176
313806224 13088053 134596199
109900671 25439113 101472954
353905354 30753223 53745035
601535874 133594977 479293772
279249301 134475774 563773456
642607622 132655069 236828935
426707393 75773171 39337207
426091876 33103045 99535971
662532775 7252608 49558074
350123873 187538767 124043148
237796390 176842857 80513345
273074999 159752590 502767896
479367058 167591278 624474577
121627489 71220205 431830538
88615237 45913415 93499758
299893033 10619281 28222904
555951472 27574966 157529107
395593789 135423805 505641468
34613778 116601984 535917124
2070201 90754030 524516069
102441484 212951536 471294394
377054191 159531417 349423833
206076617 203485166 345708708
42996505 222731828 638069738
155982639 235036579 410719546
280962903 109415494 282442308
399005425 14378078 132336548
116663505 154218192 180624278
669099416 225301547 2793894
519826155 128873932 214370336
174037047 211181083 466751847
669889599 99358856 327647139
6776916 217988412 267935287
566390041 234767829 188805590
82210795 19824229 574084781
650117487 127791267 304160663
347177920 110306751 20539822
275411118 142378626 138584228
642841387 49037462 371225065
129055571 213492818 560939668
319160852 53192833 658730273
331492765 152024931 200923710
332365255 218672974 99175423
453395395 79401894 398087475
574626659 81186306 115055545
333257254 221390812 158538712
262286218 221353477 637321173
616013306 169504914 408358420
651588689 84496323 538556510
13192941 199567921 392039956
595082602 96110578 5018384
592100849 233734522 563444120
53670761 101331581 125332990
597595154 92454576 460403473
6973221 179059885 626007586
117105988 197021175 685521204
286350209 220369104 270998210
583459744 123289100 421632668
413575537 81114704 99820902
486412343 183634356 95293713
386123660 215675861 682216344
576143011 35895764 997326
233418097 78503945 129770805
22024214 167940257 360623723
134055366 162264869 25218178
98891468 8278215 211502425
617061926 86962813 459607901
131297042 47736829 90759382
68926555 138360786 370920576
568322782 27720795 522898489
103685468 75665521 64237270
162139552 14420738 369671430
378773975 4369628 425876992
151592287 178389987 13457
226154993 174897738 224618146
610287957 53499121 676051971
69483514 51486565 626673215
488783986 149930647 572739358
338678791 195292140 127005786
46871290 204178439 571604690
517536168 204032946 107445782
458740138 100819514 670517612
46554619 41861745 341343712
286810816 40952890 473818316
595057130 54637867 530134822
125673057 106436525 168594309
344873251 78899463 168449186
131405007 94200167 422305446
254160781 96070420 413826371
131513955 115981800 641029515
586961167 38089135 671071758
100163398 101495464 314484212
578879011 161859529 552518189
513284001 174927967 670771923
25792302 172693755 482459636
608341111 71942369 663645819
516446606 23191445 248565778
119332170 148499418 35956994
216288090 224929101 603291625
582038627 100080956 620291798
669878729 199128098 235347508
628179113 150906382 458045108
286484852 53369026 679560605
308917858 79336853 659465263
528944180 186625696 560874500
641989556 52326675 445073202
49146164 70924218 627014460
511014127 153032030 635892521
226979259 44426626 290752383
401868525 129027896 279344577
526294033 221115164 29563426
55642694 74614175 262659318
77526867 84844747 409191162
344474321 55719052 62783388
115926178 168494869 90217891
228010361 194288764 25387818
73170934 36572849 290659939
403787779 26225134 218352663
611144249 178827659 433864082
498508978 149928861 438285378
393422030 141892291 388344767
97078387 122243396 444101428
88902985 65480267 13368271
594095778 120323347 281655912
126337647 108871053 492390468
663356066 94397054 268756446
83342650 102193584 142191985
322621975 145310727 483405279
643128288 97644959 376242834
632706551 124888571 75179448
150592839 130625260 586004102
610920366 140887933 479095681
496782333 4234389 300398766
67989259 234159003 631780217
422820720 85251153 340082438
641545538 222910105 132365755
607545554 15829119 104700746
227583410 178529722 305492633
588772785 230455594 665610917
69747447 93450116 283353459
10346298 35773396 614025387
577007755 64091908 614848709
130313905 83384870 601630346
500079515 58584982 359208596
642324449 146704068 344027314
371083413 71300455 90232066
388119216 64343726 447749863
608619459 215984753 495053401
340856868 55825122 364015012
470625572 143329581 25159230
448129342 6313843 681170436
196178889 73616998 16977874
539293198 176395815 425956293
144427284 107003921 553324190
445464559 120553565 231177604
604056199 21394628 427543551
244161989 23285283 448650856
641092911 14799689 400686624
482601767 42146444 456097451
571975095 183595378 1750570
8288123 185216941 506249332
202296704 55703805 472523840
294893010 157006320 589013112
373120275 184286895 11788417
559412189 118051993 490936498
518790848 99064568 29202764
417704943 47009168 641426159
140917479 56510387 582285529
389889718 186311149 68905442
503188327 56408039 216644568
412337080 219557885 43925749
255048436 25778650 302395535
281 358406344 836755545 627507453
301721238 70771694 126413167
140679356 149805458 301974063
282961640 458304217 67625877
303580290 414332055 496929229
325631814 268792991 298206449
309963520 454477634 286302871
320913589 601655447 522604006
64561616 651615344 424938843
223103808 418205453 65055134
312444009 648925542 314593216
356163556 210982925 239504372
208700006 118608032 60393214
341230476 573881610 359184399
235645470 533552416 416197775
57674616 116755283 505988023
331015789 562947642 20562959
307912248 119518617 77211680
218063596 682365158 428559332
136524080 210905213 188413694
69989352 139131351 250965286
182828098 260493753 506898503
17089122 808569825 101515653
314638533 363487958 551134391
327482686 88487081 516162384
246667627 437771020 83543612
339881402 80205588 288039135
21510077 37220411 125730206
23646788 147074415 125998402
236249666 424828910 196404707
158694114 41061391 149023591
182304195 88984393 137100545
317199896 331261640 89286809
133336885 549778888 511637575
76943097 485046525 329004857
169675695 100074708 475904949
230140577 485993905 591727535
35060492 58191188 394261137
284642726 2067436 240191659
83083955 527644329 530734781
351808248 157146686 131958339
279775651 729859588 68488946
2367598 388329135 189953806
277585936 434541582 120977774
57561411 230221176 561773138
174948126 623199225 204103897
351555280 112893258 21443258
200591785 15756764 55919708
184108589 438250839 292982475
202010102 12121601 609253477
255473857 180119441 315502617
24102136 608489311 42746769
110172647 672138928 247455417
246782899 227663877 530921785
275036214 355861776 599404884
86412125 717210243 326826684
68344083 448176452 236543153
230118724 31122988 618008836
77113388 494269489 200578833
292961906 279882414 219570874
193848052 446675751 568969080
11368627 464218930 172000118
27309178 822153030 496214218
118124787 343014249 46890748
191858535 356671247 426813358
139897432 323089456 285891794
345633925 213683080 151343517
160188487 785500286 173845046
27858174 236053658 324009738
194145049 350375264 101887068
114559497 594521108 247345212
53764994 11594522 555667442
51752012 284140708 441700363
258160764 154221257 356397017
8681706 15909259 471419526
231136015 36451195 602378164
215060896 401071911 129384726
200307054 835978243 300827780
344736082 156021308 172573763
269075453 355915059 82504136
86419255 87876154 465771142
146432939 169717051 576176135
71707128 530945069 171697139
76800880 373670372 408234117
206107602 159327397 168398052
200906530 835533593 417513012
236882097 448059811 423641513
159383348 138430995 364967070
71420164 2908415 382058959
23134197 209479612 370617192
52499616 394398038 473354442
313442368 379857398 59350137
308414631 148310202 528598912
22049539 382642338 356252001
210121975 263939579 331289551
139394261 113637809 170169421
170248218 295778636 99384994
72444294 421977160 139190144
42229131 326216402 565810170
248253088 390467192 352111324
51098611 39848336 608537223
27075729 14196198 224798163
42160974 17457248 91159432
336641783 761129651 118451725
193522464 448832312 414615873
90098344 306879667 363295110
339220163 265740053 7125623
82268804 405244776 238370013
152570998 296653381 288798068
250401470 827857012 618744318
137435978 679964462 254743500
331026001 73000273 554959033
50897180 25021722 5779389
231741622 744404138 333112491
224489666 386798207 336998739
40931360 77003221 260496206
21585284 78083904 243649405
119670127 633327411 257358498
259359832 186642538 535075964
74054777 584008167 277512332
40837988 480008572 408007825
339378908 268517291 479443231
152482533 76756455 408067338
264394867 716022312 581091931
107585263 4267661 232093817
120815683 471746734 510226161
203200270 775509900 289111398
279186644 213315299 412499191
305433281 182052632 594389049
28376047 174835489 74910268
100199794 518329250 111000806
233836628 416084845 303711024
128106797 475550534 16183351
69736517 228494573 460060734
317129264 112286480 453195582
184778267 306963101 245594154
104525748 166400357 39567446
229547971 470521326 497161634
292147282 353948046 20092026
133229027 796905583 109119689
116299643 481758098 267479637
355728548 222803728 343228063
227293813 315250375 423428635
255389789 827084666 522826978
101063224 383996742 497416718
21662813 369183170 261305813
162724170 321670208 574870163
313884882 406602391 218405877
299502640 170566425 84180712
310202867 800002049 611816223
19466595 52156789 170809841
292061304 675037 460461783
256702522 323592490 562860967
205956338 282283326 397017018
167645111 200406453 349372816
197370274 738259345 136791596
266353808 590933449 79102515
276313270 344505498 232977668
36051875 508632957 354161527
19242307 446134348 167091512
337845527 398167907 448952091
352505688 261053213 64793229
298311932 708830448 74065980
225824219 162447225 278819044
302337948 447566428 506191890
43465245 594884794 437324261
78910375 631458940 438713653
166507946 503014667 416841965
147157711 820580048 93870796
318139410 427707456 76472189
315933897 659834236 600943891
182699010 282189157 69333541
277451075 227828856 528732738
216517438 378303870 454064323
241608842 3389303 501916440
260990668 515571324 483219370
135926138 61956709 256879980
90029706 595390222 449666134
52503005 363769415 466655508
335993116 508814071 103194037
247544666 189573737 300065611
61457237 103512565 273909079
98793050 585090505 288481116
197883151 19080497 563382835
254223036 632407364 454021551
13980372 143209876 599217645
292068704 300221929 350938318
154980126 458650941 187620722
118651364 559465527 106222076
224263335 447641600 249631500
312987881 538267205 308309624
107365705 609123649 486606688
64047946 652092015 473921205
43994716 728594211 531132277
6094081 36928927 521742718
262873385 826690556 233923084
179414787 357267915 237553587
32613786 575348284 24691229
122622556 775090187 49955301
250931242 261251110 350895720
155848228 765623725 488425798
307390278 111878507 253940442
210172611 322017059 334453332
209948851 469865022 96530476
187892963 410677019 608709422
59882404 628238654 2458026
244168503 460323801 386091331
55260348 386136073 465890224
225932620 586027184 371352087
235790687 77562889 449394241
3336802 334627132 83480513
351641124 288739037 416404574
313597147 702363085 163706518
90376843 824026385 289396386
190034168 815030546 312654344
340202901 351916442 234661950
68085694 400399823 413623528
7646607 185254553 202024733
125190628 62660260 89028496
182529969 337768716 559554597
244798416 266059584 455008393
229515342 627499949 99435620
113764824 828728105 119270775
224747054 75159791 490206095
71332935 728128032 30981506
32630894 157508214 393215947
123575726 451904746 405858518
231957624 123576231 74012862
142620645 564794976 3917633
211078393 126724593 448908662
73738793 361194145 546176881
267233815 348825569 453474420
217834895 209211654 14564345
288103969 105532522 343645444
215786841 234893974 13103538
72499108 251476821 68098345
238393876 835893699 399872966
206110225 378587250 186809171
40532051 557435798 244757060
218225541 463729354 533630874
218297916 325614104 287937178
4258117 830576581 229367108
106986795 727027993 242471403
325059798 300579077 323485136
325500167 378860601 593600199
236100060 276853380 585242676
340129122 466434664 12150716
206120541 376793170 98477669
80990702 180052067 183164605
120952210 662666149 59796707
336342874 119920928 23892363
205058300 177550416 195120447
181806954 234201948 374655697
283395479 426836031 197856455
351924135 706543847 190320554
131902821 25991584 381395753
235169497 506022113 158434877
290690580 330233194 504023451
238567161 421464264 521292983
218892796 510687120 518740716
142734494 199390153 448287892
152303484 95512877 487115171
245759293 116199465 381796938
179982924 479256341 22655837
47955410 811572758 179669897
84266011 317938699 136424163
82214010 277283790 14129634
138225404 269983590 461291631
21219207 236497387 84297194
120432194 337516733 619443610
343467735 445131068 377285663
327507879 643287151 39436147
37455135 514697433 455609509
216174026 343655101 187820142
247600625 293321105 332906288
244252487 561114787 535554938
251048895 134955207 301965976
14209241 575393183 514347434
298814569 610509692 532020625
355317696 365418981 273623859
184046302 184355002 8108540
6264145 229944598 100745921
182 651100015 608753834 506555502
543907148 70838150 64757030
609129946 592440367 397932867
101309255 141362880 48697585
269024782 437663499 379402638
48879267 27603668 285401746
321806224 15859148 164232356
446456632 141284565 373385525
294230711 550761563 488498463
114613730 481415744 149604436
543672026 414109990 159123425
521192030 549939090 263690364
490828940 268535813 105621660
628244707 122944416 355035446
235621674 133613044 500891583
307729600 261994584 195407356
418671764 382467156 200363113
650510280 69521415 208598674
573485193 120301202 107062377
610148029 376042137 3327586
452998830 183077382 265293458
320833169 372920759 9269483
439875706 204794121 272082430
245599726 113517680 412894459
97337511 100336183 68992478
317436951 274726496 238360416
415393236 436027221 374986790
383742396 517590790 106213183
524846383 160296378 436418715
581571679 129647809 8401082
308331283 98366329 94542963
649754337 319330123 327247556
53789460 410125826 275827636
263151190 35778337 31071993
388443324 216642782 117327599
493758806 118669794 184496619
62456061 110841664 34397089
397564139 430087716 261308432
608787094 125110903 52922228
364446497 20143195 79100702
70718545 399358384 323873431
481645437 540223476 182123038
528631261 418289147 244848503
341050839 260130389 148802281
556662003 232034442 179585164
173155868 312905777 26963958
466221174 2689681 15816128
545626833 594992735 345908903
411490651 417257377 504538202
372574776 123150919 244357803
642597692 296681840 288716196
595237943 37796628 306344208
557685176 248633877 499970601
96547092 21888077 139931737
89038864 141372282 120940410
184576528 525139980 283914340
192622707 465800672 413687996
147366597 594283947 91359180
383766405 529847081 153006593
102518812 65608542 303341490
134227646 497446332 127130073
81882107 186882442 298982970
48016771 95346745 469925747
442442974 473235284 13790035
201720119 433361420 75693879
143202838 480929979 68731167
220550268 14071886 276267569
369370563 565788037 49453091
442764798 299615463 409032304
220515016 100386183 103269702
404692262 582120579 392875856
564233032 97989011 402448506
390488057 222731961 392055000
137439183 247944509 278998001
27053524 352003877 225772904
114567240 91321286 7144075
172220043 85552711 497540941
63440765 410868595 81682565
347748092 221735937 325193306
580040912 171850604 134617635
123956107 271135953 21646331
234031953 184992767 330691037
236563617 323709682 206457941
616976600 257144010 361965313
575110451 518741803 423453125
215848911 63996754 417714255
399424936 101002024 15808428
208351144 281889778 372556758
344383865 443723549 371597164
302018442 442654013 296070975
96195296 160440674 524210
220446076 19137617 236958793
480635592 208914730 301125687
453594030 309120699 115371235
268641989 516553316 62997526
450817261 24669198 150850109
4861667 566945676 478056215
54310633 40832842 424202519
286864543 14079018 396135093
643185545 516734990 248612610
440894973 85704587 396081724
148258153 155017138 475357749
47403782 390177203 213808035
482431384 396060643 19721536
457109649 15422604 496539978
184748363 125588718 414256303
624536697 79446109 436540681
40732368 471584756 483468167
624491121 460917118 360953417
55750705 13048995 178631119
431914277 149796866 278520270
628956030 340715036 400117568
63302339 231826460 51664569
91900974 198012 167376227
41643580 355307958 136628134
358765230 94426827 248287678
161206595 344920478 6982683
50426572 333395866 92912531
111225718 303648861 491986790
109767135 90359158 95895997
418976673 533310764 171327620
531812689 201458368 249694809
188537195 128814220 317062558
312367278 359324431 142162373
628877891 27449669 51662428
14724352 294056991 342701225
630375906 43537844 162197405
243920971 424723640 2079000
291750383 596054139 284760568
33891189 378580227 217888778
555864070 244789400 310355072
94083337 24500919 390700561
552464801 486579952 239029636
441124480 256815276 59234684
178050380 439245749 68101981
175377612 537781352 146572491
238903487 386445292 275161123
449585449 187687550 18196829
642355699 524472783 314308098
168460051 385900598 430719840
135143639 173992112 33797048
149938648 334359157 23707150
469285699 577307662 179224008
102419691 155902570 324427844
197777569 64121966 282189646
176123466 188447648 115300261
128927377 462671582 497052537
209392888 470530356 448592045
516682509 529101122 500575562
344477353 14942753 8507805
523255442 191171561 378170552
206139155 542188633 70927617
227018028 343515050 301089221
283948194 69903111 188014862
366224076 222405362 325543087
418404629 187696505 82926925
147722698 206863340 183152309
647719782 484302590 111556646
96923015 583738039 373832395
475847408 338268022 374859837
605388761 312591980 475132533
113927538 154677215 484426642
648049511 52279132 327840638
419831475 546377110 319996392
229191435 434785327 263717072
80748492 461567960 355198448
217805461 196764892 109744886
195874814 366814213 34987004
420130926 66775105 75857506
384945624 342833330 208656557
410793698 441003347 256874239
192087582 209339420 282845846
314467864 304118175 303070559
69841225 463631 329965009
226820053 163649678 154684217
186874367 567623615 121647749
490121249 111808217 20016142
268301780 562316933 199222134
358190824 107745787 255193608
472916956 478285139 468144
331290220 499590042 362835774
131370114 176850041 108775787
395804247 447681750 32273497
