5
16 64 3 77
5 1 52
21 3 15
30 1 76
20 3 22
63 3 71
26 1 35
24 2 54
2 1 75
22 3 8
61 1 9
41 3 62
25 3 28
46 3 23
61 1 9
20 1 51
58 2 68
17 74 23 6
11 15 5
3 15 1
21 21 4
71 3 4
32 17 3
63 22 6
22 14 1
6 1 6
40 22 5
16 14 4
13 17 4
18 2 1
7 22 3
22 12 3
59 6 1
50 15 1
7 5 4
13 15 94 61
10 23 39
1 92 34
9 27 41
14 32 41
13 68 2
4 70 29
4 70 10
5 77 48
15 9 21
14 28 7
1 30 51
14 75 60
4 25 11
16 51 35 81
32 28 8
5 28 54
21 1 20
2 1 16
29 31 44
43 24 31
48 31 17
30 10 22
3 7 43
46 1 54
13 11 24
4 12 54
34 19 54
51 24 51
6 18 4
44 8 23
10 25 96 58
12 43 37
11 18 22
16 81 43
4 81 16
17 15 33
25 88 36
13 15 56
17 94 13
18 76 43
21 78 45
