5
67 78324098 133106316 25833188
4794324 107245952 24918915
4112255 46662084 16318836
76043843 100674655 5957302
37491976 1393159 3481448
72366956 29613229 6087233
20150849 2619773 10558474
24240327 94525622 17482109
21677638 112828198 4441446
52161255 101549055 7608794
54437562 60972531 2281084
9111434 111092363 4152739
3018519 131652368 18955622
50283504 107133239 2093077
27917874 39711761 3406880
21102160 48611402 6144595
14702038 47138028 7458231
8837099 86383403 3444932
55592559 55629546 17770517
13440169 130270667 10753710
22053944 128058515 4942247
3856653 63948680 10296934
52430465 29623206 24829741
22581006 83299163 1784110
52764762 126507697 8029747
65277376 83636398 22012445
69901981 18340834 9220093
27462610 71139548 1687705
53244107 20964522 14881543
37025860 106145080 16031555
74915767 65273607 13067476
15499160 120280354 22783370
17937418 125566967 1396518
19701391 85125361 6761038
64615493 53024425 16331157
66687544 104567757 18871913
56894799 29001824 8682446
65972022 108050914 9466873
35606048 20874936 25144759
47078363 80609650 16238161
78202432 52467936 24457342
77780792 127527486 7868653
51769465 114375489 964496
35085045 59221044 22366149
7529519 95710684 23690747
48293278 99759522 15309957
14192696 65416374 22182355
27419803 85154913 21834415
70768207 130621460 11907733
52790174 132644051 2190885
76319513 29075169 15680008
10128917 24336786 9345985
21146570 104619233 15652270
26239645 89019626 8058937
60043893 103376110 7486709
45829291 83448261 7913157
48487830 78174529 22679524
18523956 130454419 17537984
23968708 21578142 3905656
34288694 45333767 20791468
22765951 30579885 10022680
24169063 87025236 1647552
58593217 48936259 9555951
3749581 94855834 18678081
14874360 72250241 4191536
43266318 86478715 21142519
42892795 46219654 7675199
66036286 108924909 418110
47 167811709 765347846 921669033
142359920 26842151 164449181
85914572 91836168 449733383
50593946 694274056 463719202
27666102 42793379 125427883
117819934 368301707 77233056
157419037 487715876 95630527
105423982 335483814 880276101
114321682 320603464 345932319
7177653 524356854 366960082
113503877 77427860 33283905
125314593 246254690 601570255
70437194 574430061 359558315
98245725 714933687 719455638
47653069 339544473 859890826
89518023 354554787 39313459
28862135 668556878 800990636
143985960 203790478 870146781
46128666 191520010 573023409
32153282 616450525 75376900
32646457 463918471 564619840
23854674 111445387 5266703
135007570 712726609 132317691
43159223 590156739 763144688
78565838 348020791 665777717
14423255 340419104 527428514
147889733 7858078 152528640
145252976 194632142 113203791
79330428 313583039 465249929
131957752 228695165 683910025
157069355 287730403 525912369
154934618 619190219 102588338
149724805 487955118 595822525
125748183 474430148 914918317
62999223 564333917 324874220
103531081 414184075 275562759
86682087 701000127 388032433
54803534 258359108 803796114
105728026 236609067 323077017
130523027 183406328 871104445
81686747 198979168 159225775
7336039 273468445 569133729
34967632 55853204 126979048
82822907 583821808 292877072
58079924 255402056 26673614
24056564 123584672 470878849
80124015 320666939 491087611
111392289 10275160 895905554
114 775539900 66323782 159774475
199485869 34466489 26848929
465919792 62941040 9942768
188814441 51346700 85525228
167943212 63119583 83621792
187542212 5335579 49848851
97809480 28712934 123338216
430470010 1680586 8940601
327864351 4062096 31645447
268317398 58450091 101482553
515235747 50909153 62556790
301615122 21073499 26667706
751979460 8637016 22158668
118555529 57599826 44726300
482686284 9347683 20636194
114690188 47913305 132441627
760657075 23395671 81141108
285972180 28761575 141958322
226721996 21294634 138449242
204611302 51255459 149950551
36184938 24421367 120848147
554510692 11068197 61447955
3681437 22858017 24487668
619302793 62129499 143741725
727800650 40376885 99185672
373072285 2540488 67908244
47085148 27826634 10193241
693638171 45611465 100156005
476632415 14710816 54194474
120251243 46187187 157385973
265926557 11613265 102096027
88475030 12595732 54451999
153506624 26713396 77918609
773511149 25254596 140867588
442360225 27251291 119124407
473838320 5655022 75384473
751217431 19793713 151965767
533174383 35644659 21625453
721788187 53290217 77900162
282232189 47596251 127694247
33539360 63358082 26994630
382281590 26012251 149698184
484417057 22687942 22899714
675406254 48706147 23298014
137589425 51550277 100543235
143350734 43211567 107199032
156941038 32146153 3048313
289776104 3992919 57773987
729725521 46781513 48070780
659284147 65336012 28915173
450697264 58884688 23986610
590557078 50394287 158997021
203166960 23479855 57984097
360873991 13815436 127489018
298977270 26243685 134238490
698363961 15069056 22479575
42526934 61173796 72425037
406204638 62818748 31817359
613257563 54918118 70265277
34094736 14666154 12821522
545540251 27140850 20747447
22484299 30844632 152977039
535202298 24368840 126527132
137883194 2674511 13174683
238168912 23415405 3801657
54376920 3145648 70516707
148255861 20016916 158110191
332704857 19362980 45236868
473868072 3152865 121447772
287682648 38301833 132978255
410081027 28247812 96893303
117085064 55041435 84964736
127282744 46700127 28676296
136559150 45311480 81967591
121433185 53143302 75765966
323618169 30184605 46522187
214332595 29298392 94798762
51516907 41756557 54876445
53021439 19964979 154308013
76364543 49290561 156316596
64971985 4185513 118121764
421543689 35563701 9390753
471867143 13947224 15710489
304688586 4527855 158289870
227939410 27514615 19939336
497905676 49220076 70867293
587200485 29347049 43574816
457047519 13275773 107334533
270664432 23489652 133064795
496823416 59524785 44678654
469389772 2893739 41954315
356722189 12212826 150979279
162305524 65072963 62659623
63685937 60460981 18179886
409250825 46247815 77151871
10361653 34108259 39351411
141737360 51560388 40540955
228909142 36186564 149540584
575312995 53959507 109898726
417383243 18405335 30707213
107841314 12749524 82607259
118756760 4007503 72814970
315750775 59547972 95453126
690633148 56894467 115810947
421692425 53343484 104055650
421015448 12646930 116013992
316946524 36186820 134546719
608758895 5675379 97942010
546676171 56490595 19703528
446800830 57208372 67767532
15070798 52508633 146251900
164037432 34088997 35197539
419031107 26709365 10220010
356054944 30480667 88471863
497312273 20352318 62005140
129 115422159 722476266 786045718
51698379 688764044 545054773
101888324 270062776 526067597
63475197 250739686 32924664
58278255 290075460 510377530
39319073 153185276 538086697
107773520 318355522 644118172
113613312 385972601 279453138
106715412 417084239 548181065
94438783 242227554 275567890
91531984 117274277 424848117
90874523 567212889 467116390
22918154 143347475 550422915
111768144 221501668 613998420
4549186 613756329 463289557
32592774 278400478 496012651
22975682 427718637 463990145
76694998 562617518 542110479
9262947 440995612 61122563
79013715 136133462 349636374
15307707 341061313 583616942
22467790 441504437 23026556
32110375 58157570 349219605
12063260 161254930 87245996
10088727 712485118 368545748
112998928 114937014 372549927
110370170 328060392 334440777
21701562 408404379 694645235
27121157 618739242 248575802
113499680 643621987 479588764
18835279 221914873 119551077
91741439 45097865 684135382
58791635 288544200 544311280
108297678 597931147 777427911
16997751 105883950 113666811
112722298 483093776 507486449
33089474 16490415 128997636
98030033 530794089 409184185
89818082 633988974 424875322
34705137 618688525 182237707
59416285 29589334 453151557
84220400 340530565 253286700
81681345 596293745 178167071
17447260 475825325 753181565
68864823 699891013 724945467
98651724 262115254 96051457
57944429 419398510 3365592
20210562 396494877 247641098
31595476 596687517 353842134
29060794 223500623 426088964
29894777 692844657 408440760
36456953 56642074 648065291
66156232 313749801 545176617
2236785 463891463 472117507
93985022 583268982 524977637
51240469 137585506 135086928
17739375 347963001 40811621
65658835 483912691 600009642
79559079 89582783 231780528
69866417 393803333 108034483
36718629 119672174 499472302
53679811 353446388 433692320
9279680 622266104 181049038
73974405 697285376 457069559
106335096 567558819 624773483
1704125 81413862 375678689
83520560 720732926 189080273
12485207 187968797 243143248
111561992 349141183 304476553
51016008 680032342 395585854
2060260 267034662 386117409
44084926 133458537 278641367
92430236 201772069 306468264
107511305 246249643 516762132
86564696 343935956 291697292
18341081 545871619 414160549
91127756 448350350 690260845
45655379 698288443 135730646
2037007 598748175 52224189
21772474 195244163 113634925
38502932 23719680 10765942
74685804 411343671 703201998
74654708 651197409 312125427
102888983 610766916 187707746
35170614 554506573 298990149
15683457 153887527 241979896
38219110 350932356 343950106
25996515 361715231 397058165
49732489 502816315 485672066
23177635 229456111 374273283
85182035 5379574 220203850
7472050 326195321 625054974
109659191 601031856 565374022
42184235 420795174 640823041
105232781 585790046 522202750
63074499 38675229 113091286
23070268 592418158 251748296
92781640 307878952 447378117
33044912 632574361 271811554
43773708 562805579 193946936
86689503 374065834 664461864
3034088 196814935 168420760
33405450 249651974 293056185
24721128 341152491 754624465
4832052 430407101 551848006
112855587 635785059 546921665
56272976 204584212 325515431
27339353 713485192 782982814
113078379 85266103 695800572
99347693 479359361 595557906
56723695 694873514 723077412
88381331 188817310 257744622
93062672 33735785 61655687
103027718 32551816 276104051
51166687 342517576 650663348
1439952 598948716 489170605
78646400 405104392 280309636
80148149 637680281 187646308
111266364 377986184 557149856
65534794 546656057 713308133
28243622 156638868 389878659
104548015 496864859 29827748
27876807 414068147 34909226
91872868 66550283 457672012
107794427 47190632 711469475
16814387 576563855 287120316
4535079 356630799 266963210
64782127 58973792 396498353
57031506 28321708 47622440
25927523 627157262 782346152
213 568781546 61714019 785877604
82881480 37883883 117515963
57497927 12593635 301500773
482529463 48706478 312226913
157597272 1978684 158414521
244795193 15286890 505301811
530158164 26596006 272868284
82082945 57234191 345991730
431851346 51397194 473354978
260106860 43313135 379679381
253300441 19888464 520376401
485721948 17710698 418801070
558633196 26175644 261444370
68625585 18922295 57732143
82641160 10322362 53716848
31791807 58638477 226328063
426856761 6719367 420683771
430073207 45844022 37465930
201817696 36775432 730122813
535440613 59010616 102174807
568406507 4296129 417586150
476746134 16464264 222701210
168662052 24677118 283961549
264292057 47285414 506021965
400564392 60506733 284739570
97348399 48049250 473080071
228151314 22505320 148091202
35268335 49402967 601084217
173459565 28094332 303663049
399578482 16431850 449628380
560891893 24837188 770101048
204356461 52103440 19889721
13653227 47873773 591798575
434841693 3754552 769039551
553566113 60181337 486550671
132822024 55093006 262252323
469550665 56769721 560934757
177233763 22877489 81115500
97214858 13900852 53687826
112800599 56180921 630682124
546839502 7788802 421846868
292650940 20475900 448956790
369137721 42588862 438070665
510926387 44111861 463667798
87648226 41934277 308477997
564154915 55911923 411684200
66920246 27737863 9191036
296041671 26450154 495156630
322989042 21029088 384743650
396145913 60447060 88945567
259509451 36039094 118647598
107775272 38818976 57865889
35326635 41826763 641889678
291879367 60978409 436477790
78061572 40950520 48034814
518930652 8385165 351695818
149577507 35567935 633961177
181549174 56443324 611322859
14484890 41309085 559546792
472026125 44761899 637269893
525345710 32591506 150010383
78688697 28764217 50916866
492477004 54466196 394033208
117681711 32631589 710338676
231735507 58188434 53719771
439159391 39143497 634310435
177858985 53013986 262714142
503628665 19622642 305168333
287323629 24918408 1850277
464036129 24330085 58362079
143098100 4085794 419912167
557167484 14290983 224841946
81929014 476137 604069176
508402588 57483336 103805259
54125860 49427156 80067776
530207421 28154161 598881421
144172452 4261914 678001425
52920641 21275011 137994201
69078927 48323507 275579249
548115113 46452930 234832039
398799313 27596905 384574520
352741482 52860534 694933477
235054932 13189587 458219590
420274182 42446952 391745478
322509247 29314962 2317569
379558017 8554965 343004847
192214192 25626844 349817450
223319690 38902722 153368044
190439042 21188278 763998805
237290156 217036 565578467
428773181 41427624 439768958
568067881 14891660 170522950
308996477 9459478 569442653
22615604 46118627 336532367
362127283 46287406 414568094
71425092 23330769 251454707
34324733 50136933 689058973
75973143 42108420 394032331
313482795 14814885 234687400
198233573 27368328 191278056
27250827 35189601 23969160
343191056 43620583 612504672
339322335 39654339 594676501
339042363 23438340 39431881
379621616 3140031 434830743
396328340 53303717 183601478
297162210 25708456 395285131
252696648 53931577 26962935
46982222 22553443 142680187
507113782 56499421 192539095
187835839 21110644 337175955
148053455 6565201 770061228
545022276 36747132 367831401
188599920 2140126 688865728
196049453 11227544 93041833
110632972 8667893 143091272
46746167 41574257 600894446
58484284 3544751 759088002
443365813 16967735 30846207
44501333 30129601 94017436
337643972 20650405 540595258
432853775 51944313 328392659
345328503 53588506 710503747
289818611 32446745 397719334
86814739 16765474 230253579
106353553 37185933 556936271
281250736 49596509 189003225
448871856 17501056 503616018
197220910 51389923 301562105
292875009 9170438 49019675
543300135 59149079 402269657
392245200 11425901 38169098
62082659 5629143 27614943
267862443 36056336 316339708
561866133 33894441 495676610
178919205 13408141 249281949
234543849 49966693 551047379
90890654 48048251 470458214
249836747 58519948 502125663
349846643 50857114 512304269
191767471 58383262 224812684
158904126 59439259 266945824
465108579 54253310 495167928
302333705 56254737 424691577
565595760 8711534 251247944
202546454 17249446 406838178
434747901 19449884 356238382
114061632 58996657 618022658
380075493 41532988 91474731
258634868 49308552 220005659
402831991 48741654 181309853
78285758 45281502 674040406
52067365 33796599 57000463
311956559 34841679 569305871
357087437 18090679 298933284
280414780 56074737 129727831
364394669 17272411 295008342
106585274 57322124 398518106
543975575 31611214 655755211
391738067 52876638 2611601
99364278 38879406 455279452
397498697 49878876 561852252
565186699 32094378 306788827
91562136 52231314 750788652
542627418 20539346 750668612
103817239 26437383 259261929
464343243 14439021 558348797
399255101 61493540 539770759
387423233 17578947 309440652
215308156 1666336 522850014
330524077 59155678 328990682
310562661 8161554 293827967
457596127 37987589 583906678
160392559 58889656 160010390
369739443 22859969 334048627
557661488 23144700 64638443
192708322 61697763 132477009
335109636 5454079 643993161
358357527 50776899 707549300
26551763 36048496 85394476
137083584 34988848 137750675
481645562 40225843 66591105
82362405 14560482 459344345
290117753 48612814 71285436
450110852 57917069 552480610
263444845 26781633 438087518
435934035 10311009 521269557
464609311 6134546 550222023
241597336 17709485 426750851
457834803 37918402 690592628
292849787 29854919 515776952
492193897 10659772 110498389
224732294 34789995 521951327
406377097 44715233 258662838
564057495 35730979 596732130
42377354 739801 89224318
374167777 16003072 315633383
565643185 27523259 647719726
62029887 31893406 289374585
119852666 36672272 478349592
177379688 7955727 390796569
544144305 53625486 666579859
437166840 8388904 393284687
63950423 61472754 119578777
156933650 30492600 432105772
263678876 59479467 277274932
203149614 46874023 41308537
360004135 42293718 13414463
412218909 60941945 321429933
507370937 59514215 684180368
464959863 60044241 195262654
149053919 35800584 397893154
126145714 9212632 154109122
246718366 38987257 56690050
