5
11 40 55 6
10 9 6
7 52 5
21 29 5
1 32 5
28 28 2
19 27 4
17 2 2
9 42 6
6 41 5
39 4 6
31 17 6
14 34 28 28
8 20 19
27 23 8
29 22 22
4 4 1
25 13 14
22 7 9
24 10 6
15 12 18
22 24 25
27 10 13
6 18 21
7 5 15
30 13 25
6 27 19
11 45 19 19
35 9 12
25 9 10
1 13 14
45 11 18
16 9 19
27 13 15
24 1 19
28 3 9
23 19 14
1 4 16
36 8 7
19 48 16 94
44 10 33
44 14 62
18 15 94
25 2 77
2 15 57
24 3 45
26 8 15
48 13 64
4 12 38
9 5 28
9 7 80
8 8 34
25 6 70
36 16 68
11 15 86
21 16 2
14 16 66
45 14 48
23 3 89
13 33 33 42
17 9 2
32 9 14
2 7 14
28 25 3
8 6 34
9 3 36
4 15 5
22 2 15
5 20 37
26 14 25
23 18 9
14 8 9
24 32 17
