10 2 100
8 10
4 9
1 4 9
0 4 9
1 4 9
2 3 3
0 4 8
1 4 8
1 8 10
0 1 8
0 9 10
2 6 8
2 3 8
2 4 10
1 9 10
0 3 8
1 1 8
2 6 9
1 3 8
0 4 9
1 4 9
2 5 7
0 3 4
1 3 4
2 2 4
0 4 9
1 4 9
0 4 5
0 6 10
0 5 10
1 6 10
2 6 5
0 4 6
1 4 5
2 7 8
2 5 2
0 2 9
2 9 8
0 2 10
2 6 6
2 3 10
2 3 1
1 4 6
1 2 10
0 1 4
1 1 4
1 5 10
1 2 9
0 3 6
0 1 2
0 8 9
1 8 9
2 10 6
1 1 2
1 3 6
0 4 5
1 4 5
2 4 7
2 1 9
2 5 7
2 5 4
0 1 5
2 10 4
0 6 8
2 10 8
0 6 7
1 6 7
2 9 6
0 5 6
1 6 8
0 3 5
1 5 6
2 3 6
1 3 5
2 8 4
1 1 5
2 3 2
0 2 8
0 6 9
2 7 8
1 2 8
0 2 7
1 2 7
2 5 6
0 6 8
1 6 9
2 6 6
0 3 4
2 9 10
0 5 9
0 2 8
0 2 4
0 5 10
1 6 8
0 4 10
1 5 9
0 6 8
0 1 7
2 8 9
0 3 7
1 4 10
2 2 9
